#Layer_Color=16711935
#
#Feature symbol names
#
$0 r3.937
$1 r10

#
#Feature attribute names
#

#
#Layer features
#
A 0.0147638 -0.345937 0.0147638 -0.345937 -0.0049212 -0.345937 0 P 0 N
A -0.0754252 0.484748 -0.0754252 0.484748 -0.0768171 0.484748 1 P 0 N
A 0.2947637 -0.5955354 0.2947637 -0.5955354 0.2750787 -0.5955354 0 P 0 N
A -0.486315 0.454 -0.486315 0.454 -0.506 0.454 0 P 0 N
A 0.5139527 0.3530394 0.5139527 0.3530394 0.4942677 0.3530394 0 P 0 N
A -0.5299435 -0.4238805 -0.5299435 -0.4238805 -0.5435276 -0.4238805 0 P 0 N
L -0.0023307 -0.1018267 -0.0023307 -0.0801732 0 P 0
L 0.0033307 0.2741733 0.0033307 0.2958268 0 P 0
L 0.0033307 0.2741733 0.0446693 0.2741733 0 P 0
L 0.0033307 0.2958268 0.0446693 0.2958268 0 P 0
L 0.0033307 0.3621732 0.0033307 0.3838267 0 P 0
L 0.0033307 0.3621732 0.0446693 0.3621732 0 P 0
L 0.0033307 0.3838267 0.0446693 0.3838267 0 P 0
L 0.0106693 0.4941733 0.0106693 0.5158268 0 P 0
L 0.0185286 -0.1617377 0.0185286 -0.1272835 0 P 0
L -0.0306693 0.4941733 0.0106693 0.4941733 0 P 0
L -0.0306693 0.4941733 -0.0306693 0.5158268 0 P 0
L -0.0306693 0.5158268 0.0106693 0.5158268 0 P 0
L -0.0324803 -0.3006614 0.0324804 -0.3006614 0 P 0
L -0.0324803 -0.3833386 -0.0324803 -0.3006614 0 P 0
L -0.0324803 -0.3833386 0.0324804 -0.3833386 0 P 0
L 0.0324804 -0.3833386 0.0324804 -0.3006614 0 P 0
L -0.0405276 -0.1272835 0.0185286 -0.1272835 0 P 0
L -0.0405276 -0.1617377 0.0185286 -0.1617377 0 P 0
L -0.0405276 -0.1617377 -0.0405276 -0.1272835 0 P 0
L -0.0436693 -0.0801732 -0.0023307 -0.0801732 0 P 0
L -0.0436693 -0.1018267 -0.0023307 -0.1018267 0 P 0
L -0.0436693 -0.1018267 -0.0436693 -0.0801732 0 P 0
L 0.0446693 0.2741733 0.0446693 0.2958268 0 P 0
L 0.0446693 0.3621732 0.0446693 0.3838267 0 P 0
L -0.0524714 -0.2321392 -0.0524714 -0.197685 0 P 0
L -0.0626299 0.4443937 -0.0626299 0.4936063 0 P 0
L 0.0765669 0.471378 0.0765669 0.518622 0 P 0
L 0.0765669 0.471378 0.1484173 0.471378 0 P 0
L 0.0765669 0.518622 0.1484173 0.518622 0 P 0
L -0.0823307 -0.3823543 -0.0823307 -0.3607008 0 P 0
L -0.1003307 -0.1018267 -0.1003307 -0.0801732 0 P 0
L -0.1003307 -0.1498267 -0.1003307 -0.1281732 0 P 0
L 0.1093307 0.4001732 0.1093307 0.4218267 0 P 0
L 0.1093307 0.4001732 0.1506693 0.4001732 0 P 0
L 0.1093307 0.4218267 0.1506693 0.4218267 0 P 0
L -0.1115276 -0.197685 -0.0524714 -0.197685 0 P 0
L -0.1115276 -0.2321392 -0.0524714 -0.2321392 0 P 0
L -0.1115276 -0.2321392 -0.1115276 -0.197685 0 P 0
L -0.1236693 -0.3607008 -0.0823307 -0.3607008 0 P 0
L -0.1236693 -0.3823543 -0.0823307 -0.3823543 0 P 0
L -0.1236693 -0.3823543 -0.1236693 -0.3607008 0 P 0
L -0.1241732 0.2933307 -0.1241732 0.3346693 0 P 0
L -0.1413701 0.4443937 -0.0626299 0.4443937 0 P 0
L -0.1413701 0.4443937 -0.1413701 0.4936063 0 P 0
L -0.1413701 0.4936063 -0.0626299 0.4936063 0 P 0
L -0.1416693 -0.0801732 -0.1003307 -0.0801732 0 P 0
L -0.1416693 -0.1018267 -0.1003307 -0.1018267 0 P 0
L -0.1416693 -0.1018267 -0.1416693 -0.0801732 0 P 0
L -0.1416693 -0.1281732 -0.1003307 -0.1281732 0 P 0
L -0.1416693 -0.1498267 -0.1003307 -0.1498267 0 P 0
L -0.1416693 -0.1498267 -0.1416693 -0.1281732 0 P 0
L -0.1433307 0.2331732 -0.1433307 0.2548267 0 P 0
L -0.1458267 0.2933307 -0.1241732 0.2933307 0 P 0
L -0.1458267 0.2933307 -0.1458267 0.3346693 0 P 0
L -0.1458267 0.3346693 -0.1241732 0.3346693 0 P 0
L 0.1484173 0.471378 0.1484173 0.518622 0 P 0
L 0.1506693 0.4001732 0.1506693 0.4218267 0 P 0
L -0.1551733 -0.4099134 -0.1551733 -0.3685748 0 P 0
L -0.1621732 0.2073307 -0.1621732 0.2486693 0 P 0
L 0.1653307 -0.4681732 0.2066693 -0.4681732 0 P 0
L 0.1653307 -0.4898267 0.1653307 -0.4681732 0 P 0
L 0.1653307 -0.4898267 0.2066693 -0.4898267 0 P 0
L -0.1768268 -0.3685748 -0.1551733 -0.3685748 0 P 0
L -0.1768268 -0.4099134 -0.1551733 -0.4099134 0 P 0
L -0.1768268 -0.4099134 -0.1768268 -0.3685748 0 P 0
L -0.1783307 0.1231733 -0.1783307 0.1448268 0 P 0
L -0.1838267 0.2073307 -0.1621732 0.2073307 0 P 0
L -0.1838267 0.2073307 -0.1838267 0.2486693 0 P 0
L -0.1838267 0.2486693 -0.1621732 0.2486693 0 P 0
L -0.1843307 0.5241732 -0.1843307 0.5458267 0 P 0
L -0.1846693 0.2331732 -0.1433307 0.2331732 0 P 0
L -0.1846693 0.2331732 -0.1846693 0.2548267 0 P 0
L -0.1846693 0.2548267 -0.1433307 0.2548267 0 P 0
L -0.1851732 -0.5923858 -0.1851732 -0.5510472 0 P 0
L -0.1891733 0.5223307 -0.1891733 0.5636693 0 P 0
L 0.1973307 0.5061733 0.1973307 0.5278268 0 P 0
L 0.1973307 0.5061733 0.2386693 0.5061733 0 P 0
L 0.1973307 0.5278268 0.2386693 0.5278268 0 P 0
L 0.2066693 -0.4898267 0.2066693 -0.4681732 0 P 0
L -0.2068267 -0.5510472 -0.1851732 -0.5510472 0 P 0
L -0.2068267 -0.5923858 -0.1851732 -0.5923858 0 P 0
L -0.2068267 -0.5923858 -0.2068267 -0.5510472 0 P 0
L -0.2108268 0.5223307 -0.1891733 0.5223307 0 P 0
L -0.2108268 0.5223307 -0.2108268 0.5636693 0 P 0
L -0.2108268 0.5636693 -0.1891733 0.5636693 0 P 0
L -0.2131732 0.4483307 -0.2131732 0.4896693 0 P 0
L -0.2143307 0.0751733 -0.2143307 0.0968268 0 P 0
L -0.219441 -0.2370551 -0.219441 -0.1189449 0 P 0
L -0.2196693 0.1231733 -0.1783307 0.1231733 0 P 0
L -0.2196693 0.1231733 -0.2196693 0.1448268 0 P 0
L -0.2196693 0.1448268 -0.1783307 0.1448268 0 P 0
L -0.2205669 0.1685669 -0.2205669 0.4894331 0 P 0
L -0.2256693 0.5241732 -0.1843307 0.5241732 0 P 0
L -0.2256693 0.5241732 -0.2256693 0.5458267 0 P 0
L -0.2256693 0.5458267 -0.1843307 0.5458267 0 P 0
L -0.232378 -0.4689685 -0.232378 -0.3971181 0 P 0
L -0.2348267 0.4483307 -0.2131732 0.4483307 0 P 0
L -0.2348267 0.4483307 -0.2348267 0.4896693 0 P 0
L -0.2348267 0.4896693 -0.2131732 0.4896693 0 P 0
L -0.2353307 -0.3648267 -0.2353307 -0.3431732 0 P 0
L -0.2363307 -0.5298267 -0.2363307 -0.5081732 0 P 0
L -0.2363307 -0.5858267 -0.2363307 -0.5641732 0 P 0
L -0.2373307 -0.5088268 -0.2373307 -0.4871733 0 P 0
L 0.2386693 0.5061733 0.2386693 0.5278268 0 P 0
L -0.2424714 -0.6007377 -0.2424714 -0.5662835 0 P 0
L 0.2455512 -0.3839212 0.5644488 -0.3839212 0 P 0
L 0.2455512 -0.6240787 0.2455512 -0.3839212 0 P 0
L 0.2455512 -0.6240787 0.5644488 -0.6240787 0 P 0
L -0.2461733 -0.3986693 -0.2461733 -0.3573307 0 P 0
L 0.2463307 -0.1971732 0.2876693 -0.1971732 0 P 0
L 0.2463307 -0.2188267 0.2463307 -0.1971732 0 P 0
L 0.2463307 -0.2188267 0.2876693 -0.2188267 0 P 0
L -0.2556693 0.0751733 -0.2143307 0.0751733 0 P 0
L -0.2556693 0.0751733 -0.2556693 0.0968268 0 P 0
L -0.2556693 0.0968268 -0.2143307 0.0968268 0 P 0
L -0.2678268 -0.3573307 -0.2461733 -0.3573307 0 P 0
L -0.2678268 -0.3986693 -0.2461733 -0.3986693 0 P 0
L -0.2678268 -0.3986693 -0.2678268 -0.3573307 0 P 0
L -0.2723307 -0.2458268 -0.2723307 -0.2241733 0 P 0
L 0.2741733 0.5083307 0.2741733 0.5496693 0 P 0
L 0.2741733 0.5083307 0.2958268 0.5083307 0 P 0
L 0.2741733 0.5496693 0.2958268 0.5496693 0 P 0
L -0.2745591 -0.1189449 -0.219441 -0.1189449 0 P 0
L -0.2745591 -0.2370551 -0.219441 -0.2370551 0 P 0
L -0.2745591 -0.2370551 -0.2745591 -0.1189449 0 P 0
L 0.2761732 0.2893307 0.2761732 0.3306693 0 P 0
L 0.2761732 0.2893307 0.2978267 0.2893307 0 P 0
L 0.2761732 0.3306693 0.2978267 0.3306693 0 P 0
L -0.2765827 0.014378 -0.2765827 0.061622 0 P 0
L -0.2766693 -0.3431732 -0.2353307 -0.3431732 0 P 0
L -0.2766693 -0.3648267 -0.2353307 -0.3648267 0 P 0
L -0.2766693 -0.3648267 -0.2766693 -0.3431732 0 P 0
L -0.2776693 -0.5081732 -0.2363307 -0.5081732 0 P 0
L -0.2776693 -0.5298267 -0.2363307 -0.5298267 0 P 0
L -0.2776693 -0.5298267 -0.2776693 -0.5081732 0 P 0
L -0.2776693 -0.5641732 -0.2363307 -0.5641732 0 P 0
L -0.2776693 -0.5858267 -0.2363307 -0.5858267 0 P 0
L -0.2776693 -0.5858267 -0.2776693 -0.5641732 0 P 0
L -0.2783307 0.4731732 -0.2783307 0.4948267 0 P 0
L -0.2786693 -0.4871733 -0.2373307 -0.4871733 0 P 0
L -0.2786693 -0.5088268 -0.2373307 -0.5088268 0 P 0
L -0.2786693 -0.5088268 -0.2786693 -0.4871733 0 P 0
L -0.279622 -0.3971181 -0.232378 -0.3971181 0 P 0
L -0.279622 -0.4689685 -0.232378 -0.4689685 0 P 0
L -0.279622 -0.4689685 -0.279622 -0.3971181 0 P 0
L 0.2876693 -0.2188267 0.2876693 -0.1971732 0 P 0
L -0.2933307 0.1481733 -0.2933307 0.1698268 0 P 0
L -0.2951733 -0.3986693 -0.2951733 -0.3573307 0 P 0
L 0.2958268 0.5083307 0.2958268 0.5496693 0 P 0
L 0.2978267 0.2893307 0.2978267 0.3306693 0 P 0
L -0.3015276 -0.5662835 -0.2424714 -0.5662835 0 P 0
L -0.3015276 -0.6007377 -0.2424714 -0.6007377 0 P 0
L -0.3015276 -0.6007377 -0.3015276 -0.5662835 0 P 0
L 0.3021732 0.2123307 0.3021732 0.2536693 0 P 0
L 0.3021732 0.2123307 0.3238267 0.2123307 0 P 0
L 0.3021732 0.2536693 0.3238267 0.2536693 0 P 0
L -0.303874 -0.118622 -0.303874 -0.071378 0 P 0
L -0.309378 0.0065827 -0.309378 0.0784331 0 P 0
L -0.3107637 -0.1968267 -0.3107637 -0.1751732 0 P 0
L -0.3136693 -0.2241733 -0.2723307 -0.2241733 0 P 0
L -0.3136693 -0.2458268 -0.2723307 -0.2458268 0 P 0
L -0.3136693 -0.2458268 -0.3136693 -0.2241733 0 P 0
L 0.3143307 -0.1971732 0.3556693 -0.1971732 0 P 0
L 0.3143307 -0.2188267 0.3143307 -0.1971732 0 P 0
L 0.3143307 -0.2188267 0.3556693 -0.2188267 0 P 0
L -0.3153307 -0.3648267 -0.3153307 -0.3431732 0 P 0
L -0.3168268 -0.3573307 -0.2951733 -0.3573307 0 P 0
L -0.3168268 -0.3986693 -0.2951733 -0.3986693 0 P 0
L -0.3168268 -0.3986693 -0.3168268 -0.3573307 0 P 0
L -0.3196693 0.4731732 -0.2783307 0.4731732 0 P 0
L -0.3196693 0.4731732 -0.3196693 0.4948267 0 P 0
L -0.3196693 0.4948267 -0.2783307 0.4948267 0 P 0
L 0.3238267 0.2123307 0.3238267 0.2536693 0 P 0
L 0.3289134 0.3176063 0.3289134 0.5183937 0 P 0
L 0.3289134 0.3176063 0.5297008 0.3176063 0 P 0
L 0.3289134 0.5183937 0.5297008 0.5183937 0 P 0
L 0.3325512 -0.0399449 0.4014488 -0.0399449 0 P 0
L 0.3325512 -0.1580551 0.3325512 -0.0399449 0 P 0
L 0.3325512 -0.1580551 0.4014488 -0.1580551 0 P 0
L -0.3346693 0.1481733 -0.2933307 0.1481733 0 P 0
L -0.3346693 0.1481733 -0.3346693 0.1698268 0 P 0
L -0.3346693 0.1698268 -0.2933307 0.1698268 0 P 0
L -0.3371733 -0.3696693 -0.3371733 -0.3283307 0 P 0
L -0.3403307 -0.0438267 -0.3403307 -0.0221732 0 P 0
L -0.3403307 -0.0898268 -0.3403307 -0.0681733 0 P 0
L 0.3414409 -0.2299764 0.3975433 -0.2299764 0 P 0
L 0.3414409 -0.3520236 0.3414409 -0.2299764 0 P 0
L 0.3414409 -0.3520236 0.3975433 -0.3520236 0 P 0
L -0.3484331 0.014378 -0.2765827 0.014378 0 P 0
L -0.3484331 0.014378 -0.3484331 0.061622 0 P 0
L -0.3484331 0.061622 -0.2765827 0.061622 0 P 0
L -0.3507637 -0.4158267 -0.3507637 -0.3941732 0 P 0
L -0.3521023 -0.1751732 -0.3107637 -0.1751732 0 P 0
L -0.3521023 -0.1968267 -0.3107637 -0.1968267 0 P 0
L -0.3521023 -0.1968267 -0.3521023 -0.1751732 0 P 0
L -0.3543307 -0.2678268 -0.3543307 -0.2461733 0 P 0
L 0.3556693 -0.2188267 0.3556693 -0.1971732 0 P 0
L -0.356622 0.0065827 -0.309378 0.0065827 0 P 0
L -0.356622 0.0065827 -0.356622 0.0784331 0 P 0
L -0.356622 0.0784331 -0.309378 0.0784331 0 P 0
L -0.3566693 -0.3431732 -0.3153307 -0.3431732 0 P 0
L -0.3566693 -0.3648267 -0.3153307 -0.3648267 0 P 0
L -0.3566693 -0.3648267 -0.3566693 -0.3431732 0 P 0
L -0.3588268 -0.3283307 -0.3371733 -0.3283307 0 P 0
L -0.3588268 -0.3696693 -0.3371733 -0.3696693 0 P 0
L -0.3588268 -0.3696693 -0.3588268 -0.3283307 0 P 0
L -0.3626221 -0.6053779 -0.3626221 -0.402622 0 P 0
L -0.3757244 -0.071378 -0.303874 -0.071378 0 P 0
L -0.3757244 -0.118622 -0.303874 -0.118622 0 P 0
L -0.3757244 -0.118622 -0.3757244 -0.071378 0 P 0
L -0.3816693 -0.0221732 -0.3403307 -0.0221732 0 P 0
L -0.3816693 -0.0438267 -0.3403307 -0.0438267 0 P 0
L -0.3816693 -0.0438267 -0.3816693 -0.0221732 0 P 0
L -0.3816693 -0.0681733 -0.3403307 -0.0681733 0 P 0
L -0.3816693 -0.0898268 -0.3403307 -0.0898268 0 P 0
L -0.3816693 -0.0898268 -0.3816693 -0.0681733 0 P 0
L 0.3823307 0.1091732 0.3823307 0.1308267 0 P 0
L 0.3823307 0.1091732 0.4236693 0.1091732 0 P 0
L 0.3823307 0.1308267 0.4236693 0.1308267 0 P 0
L -0.3831733 -0.3696693 -0.3831733 -0.3283307 0 P 0
L -0.3881732 -0.3616693 -0.3881732 -0.3203307 0 P 0
L -0.3921023 -0.3941732 -0.3507637 -0.3941732 0 P 0
L -0.3921023 -0.4158267 -0.3507637 -0.4158267 0 P 0
L -0.3921023 -0.4158267 -0.3921023 -0.3941732 0 P 0
L -0.3956693 -0.2461733 -0.3543307 -0.2461733 0 P 0
L -0.3956693 -0.2678268 -0.3543307 -0.2678268 0 P 0
L -0.3956693 -0.2678268 -0.3956693 -0.2461733 0 P 0
L 0.3975433 -0.3520236 0.3975433 -0.2299764 0 P 0
L 0.4014488 -0.1580551 0.4014488 -0.0399449 0 P 0
L -0.4048268 -0.3283307 -0.3831733 -0.3283307 0 P 0
L -0.4048268 -0.3696693 -0.3831733 -0.3696693 0 P 0
L -0.4048268 -0.3696693 -0.4048268 -0.3283307 0 P 0
L -0.4098267 -0.3203307 -0.3881732 -0.3203307 0 P 0
L -0.4098267 -0.3616693 -0.3881732 -0.3616693 0 P 0
L -0.4098267 -0.3616693 -0.4098267 -0.3203307 0 P 0
L 0.4236693 0.1091732 0.4236693 0.1308267 0 P 0
L -0.4429449 -0.3744646 -0.4429449 -0.3075354 0 P 0
L -0.4553307 -0.1858267 -0.4553307 -0.1641732 0 P 0
L -0.4553307 -0.2358268 -0.4553307 -0.2141733 0 P 0
L -0.4563307 -0.0378268 -0.4563307 -0.0161733 0 P 0
L -0.4563307 -0.1387558 -0.4563307 -0.1171023 0 P 0
L -0.4573307 -0.0868268 -0.4573307 -0.0651733 0 P 0
L 0.4703307 -0.0811732 0.5116693 -0.0811732 0 P 0
L 0.4703307 -0.1028267 0.4703307 -0.0811732 0 P 0
L 0.4703307 -0.1028267 0.5116693 -0.1028267 0 P 0
L 0.4724724 -0.1742835 0.5315286 -0.1742835 0 P 0
L 0.4724724 -0.2087377 0.4724724 -0.1742835 0 P 0
L 0.4724724 -0.2087377 0.5315286 -0.2087377 0 P 0
L 0.4823307 0.1111733 0.4823307 0.1328268 0 P 0
L 0.4823307 0.1111733 0.5236693 0.1111733 0 P 0
L 0.4823307 0.1328268 0.5236693 0.1328268 0 P 0
L -0.4883307 0.5891732 -0.4883307 0.6108267 0 P 0
L 0.4953307 -0.2421732 0.5366693 -0.2421732 0 P 0
L 0.4953307 -0.2638267 0.4953307 -0.2421732 0 P 0
L 0.4953307 -0.2638267 0.5366693 -0.2638267 0 P 0
L -0.4966693 -0.1641732 -0.4553307 -0.1641732 0 P 0
L -0.4966693 -0.1858267 -0.4553307 -0.1858267 0 P 0
L -0.4966693 -0.1858267 -0.4966693 -0.1641732 0 P 0
L -0.4966693 -0.2141733 -0.4553307 -0.2141733 0 P 0
L -0.4966693 -0.2358268 -0.4553307 -0.2358268 0 P 0
L -0.4966693 -0.2358268 -0.4966693 -0.2141733 0 P 0
L -0.4976693 -0.0161733 -0.4563307 -0.0161733 0 P 0
L -0.4976693 -0.0378268 -0.4563307 -0.0378268 0 P 0
L -0.4976693 -0.0378268 -0.4976693 -0.0161733 0 P 0
L -0.4976693 -0.1171023 -0.4563307 -0.1171023 0 P 0
L -0.4976693 -0.1387558 -0.4563307 -0.1387558 0 P 0
L -0.4976693 -0.1387558 -0.4976693 -0.1171023 0 P 0
L -0.4986693 -0.0651733 -0.4573307 -0.0651733 0 P 0
L -0.4986693 -0.0868268 -0.4573307 -0.0868268 0 P 0
L -0.4986693 -0.0868268 -0.4986693 -0.0651733 0 P 0
L 0.5116693 -0.1028267 0.5116693 -0.0811732 0 P 0
L 0.517378 -0.2955669 0.564622 -0.2955669 0 P 0
L 0.517378 -0.3674173 0.517378 -0.2955669 0 P 0
L 0.517378 -0.3674173 0.564622 -0.3674173 0 P 0
L -0.5193307 0.0241732 -0.5193307 0.0458267 0 P 0
L -0.5193307 0.0731732 -0.5193307 0.0948267 0 P 0
L -0.5193307 0.2711733 -0.5193307 0.2928268 0 P 0
L 0.5236693 0.1111733 0.5236693 0.1328268 0 P 0
L 0.5251733 0.3133307 0.5251733 0.3546693 0 P 0
L 0.5251733 0.3133307 0.5468268 0.3133307 0 P 0
L 0.5251733 0.3546693 0.5468268 0.3546693 0 P 0
L -0.5296693 0.5891732 -0.4883307 0.5891732 0 P 0
L -0.5296693 0.5891732 -0.5296693 0.6108267 0 P 0
L -0.5296693 0.6108267 -0.4883307 0.6108267 0 P 0
L 0.5297008 0.3176063 0.5297008 0.5183937 0 P 0
L 0.5315286 -0.2087377 0.5315286 -0.1742835 0 P 0
L 0.5366693 -0.2638267 0.5366693 -0.2421732 0 P 0
L -0.5393307 -0.3378267 -0.5393307 -0.3161732 0 P 0
L -0.5413307 0.5131733 -0.5413307 0.5348268 0 P 0
L -0.5414331 0.1685669 -0.2205669 0.1685669 0 P 0
L -0.5414331 0.1685669 -0.5414331 0.4894331 0 P 0
L -0.5414331 0.4894331 -0.2205669 0.4894331 0 P 0
L -0.5415669 -0.1612204 -0.5415669 -0.1139764 0 P 0
L -0.5431733 -0.0316693 -0.5431733 0.0096693 0 P 0
L 0.5468268 0.3133307 0.5468268 0.3546693 0 P 0
L -0.5474724 -0.0357377 -0.5474724 -0.0012835 0 P 0
L -0.5533307 -0.2288267 -0.5533307 -0.2071732 0 P 0
L 0.5573307 0.1011733 0.5573307 0.1228268 0 P 0
L 0.5573307 0.1011733 0.5986693 0.1011733 0 P 0
L 0.5573307 0.1228268 0.5986693 0.1228268 0 P 0
L 0.5582623 0.2284724 0.5582623 0.2875286 0 P 0
L 0.5582623 0.2284724 0.5927165 0.2284724 0 P 0
L 0.5582623 0.2875286 0.5927165 0.2875286 0 P 0
L -0.5583307 0.0901732 -0.5583307 0.1118267 0 P 0
L -0.5593307 0.5871733 -0.5593307 0.6088268 0 P 0
L -0.5601733 -0.4796693 -0.5601733 -0.4383307 0 P 0
L -0.5606693 0.0241732 -0.5193307 0.0241732 0 P 0
L -0.5606693 0.0241732 -0.5606693 0.0458267 0 P 0
L -0.5606693 0.0458267 -0.5193307 0.0458267 0 P 0
L -0.5606693 0.0731732 -0.5193307 0.0731732 0 P 0
L -0.5606693 0.0731732 -0.5606693 0.0948267 0 P 0
L -0.5606693 0.0948267 -0.5193307 0.0948267 0 P 0
L -0.5606693 0.2711733 -0.5193307 0.2711733 0 P 0
L -0.5606693 0.2711733 -0.5606693 0.2928268 0 P 0
L -0.5606693 0.2928268 -0.5193307 0.2928268 0 P 0
L -0.5610551 -0.3075354 -0.4429449 -0.3075354 0 P 0
L -0.5610551 -0.3744646 -0.4429449 -0.3744646 0 P 0
L -0.5610551 -0.3744646 -0.5610551 -0.3075354 0 P 0
L 0.5641733 0.1483307 0.5641733 0.1896693 0 P 0
L 0.5641733 0.1483307 0.5858268 0.1483307 0 P 0
L 0.5641733 0.1896693 0.5858268 0.1896693 0 P 0
L 0.5644488 -0.6240787 0.5644488 -0.3839212 0 P 0
L 0.564622 -0.3674173 0.564622 -0.2955669 0 P 0
L -0.5648268 0.0096693 -0.5431733 0.0096693 0 P 0
L -0.5648268 -0.0316693 -0.5431733 -0.0316693 0 P 0
L -0.5648268 -0.0316693 -0.5648268 0.0096693 0 P 0
L 0.5651733 0.5363307 0.5651733 0.5776693 0 P 0
L 0.5651733 0.5363307 0.5868268 0.5363307 0 P 0
L 0.5651733 0.5776693 0.5868268 0.5776693 0 P 0
L -0.565378 -0.402622 -0.3626221 -0.402622 0 P 0
L -0.565378 -0.6053779 -0.3626221 -0.6053779 0 P 0
L -0.565378 -0.6053779 -0.565378 -0.402622 0 P 0
L 0.5751733 0.3133307 0.5751733 0.3546693 0 P 0
L 0.5751733 0.3133307 0.5968268 0.3133307 0 P 0
L 0.5751733 0.3546693 0.5968268 0.3546693 0 P 0
L -0.5775039 0.3245984 -0.5775039 0.3494015 0 P 0
L -0.5806693 -0.3161732 -0.5393307 -0.3161732 0 P 0
L -0.5806693 -0.3378267 -0.5393307 -0.3378267 0 P 0
L -0.5806693 -0.3378267 -0.5806693 -0.3161732 0 P 0
L -0.5811733 -0.1616693 -0.5811733 -0.1203307 0 P 0
L -0.5813307 0.5471733 -0.5813307 0.5688268 0 P 0
L -0.5818268 -0.4383307 -0.5601733 -0.4383307 0 P 0
L -0.5818268 -0.4796693 -0.5601733 -0.4796693 0 P 0
L -0.5818268 -0.4796693 -0.5818268 -0.4383307 0 P 0
L -0.5826693 0.5131733 -0.5413307 0.5131733 0 P 0
L -0.5826693 0.5131733 -0.5826693 0.5348268 0 P 0
L -0.5826693 0.5348268 -0.5413307 0.5348268 0 P 0
L 0.5858268 0.1483307 0.5858268 0.1896693 0 P 0
L -0.586504 0.4495985 -0.586504 0.4744016 0 P 0
L 0.5868268 0.5363307 0.5868268 0.5776693 0 P 0
L -0.5893307 0.2091732 -0.5893307 0.2308267 0 P 0
L -0.5893307 0.2091733 -0.5893307 0.2308268 0 P 0
L -0.590496 0.3245984 -0.5775039 0.3245984 0 P 0
L -0.590496 0.3245984 -0.590496 0.3494015 0 P 0
L -0.590496 0.3494015 -0.5775039 0.3494015 0 P 0
L 0.5913307 -0.5181733 0.6326693 -0.5181733 0 P 0
L 0.5913307 -0.5398268 0.5913307 -0.5181733 0 P 0
L 0.5913307 -0.5398268 0.6326693 -0.5398268 0 P 0
L 0.5927165 0.2284724 0.5927165 0.2875286 0 P 0
L -0.5931733 -0.0316693 -0.5931733 0.0096693 0 P 0
L -0.5946693 -0.2071732 -0.5533307 -0.2071732 0 P 0
L -0.5946693 -0.2288267 -0.5533307 -0.2288267 0 P 0
L -0.5946693 -0.2288267 -0.5946693 -0.2071732 0 P 0
L -0.5951732 -0.3449528 -0.5951732 -0.3036142 0 P 0
L -0.5951733 -0.2676693 -0.5951733 -0.2263307 0 P 0
L 0.5968268 0.3133307 0.5968268 0.3546693 0 P 0
L 0.5986693 0.1011733 0.5986693 0.1228268 0 P 0
L -0.5994961 0.4495985 -0.586504 0.4495985 0 P 0
L -0.5994961 0.4495985 -0.5994961 0.4744016 0 P 0
L -0.5994961 0.4744016 -0.586504 0.4744016 0 P 0
L -0.5996693 0.0901732 -0.5583307 0.0901732 0 P 0
L -0.5996693 0.0901732 -0.5996693 0.1118267 0 P 0
L -0.5996693 0.1118267 -0.5583307 0.1118267 0 P 0
L -0.6006693 0.5871733 -0.5593307 0.5871733 0 P 0
L -0.6006693 0.5871733 -0.6006693 0.6088268 0 P 0
L -0.6006693 0.6088268 -0.5593307 0.6088268 0 P 0
L -0.6028268 -0.1203307 -0.5811733 -0.1203307 0 P 0
L -0.6028268 -0.1616693 -0.5811733 -0.1616693 0 P 0
L -0.6028268 -0.1616693 -0.6028268 -0.1203307 0 P 0
L -0.6065286 -0.0012835 -0.5474724 -0.0012835 0 P 0
L -0.6065286 -0.0357377 -0.5474724 -0.0357377 0 P 0
L -0.6065286 -0.0357377 -0.6065286 -0.0012835 0 P 0
L 0.6091733 0.2393307 0.6091733 0.2806693 0 P 0
L 0.6091733 0.2393307 0.6308268 0.2393307 0 P 0
L 0.6091733 0.2806693 0.6308268 0.2806693 0 P 0
L 0.6101733 -0.3113307 0.6318268 -0.3113307 0 P 0
L 0.6101733 -0.3526693 0.6101733 -0.3113307 0 P 0
L 0.6101733 -0.3526693 0.6318268 -0.3526693 0 P 0
L -0.6134173 -0.1139764 -0.5415669 -0.1139764 0 P 0
L -0.6134173 -0.1612204 -0.5415669 -0.1612204 0 P 0
L -0.6134173 -0.1612204 -0.6134173 -0.1139764 0 P 0
L -0.6148268 0.0096693 -0.5931733 0.0096693 0 P 0
L -0.6148268 -0.0316693 -0.5931733 -0.0316693 0 P 0
L -0.6148268 -0.0316693 -0.6148268 0.0096693 0 P 0
L -0.6168267 -0.3036142 -0.5951732 -0.3036142 0 P 0
L -0.6168267 -0.3449528 -0.5951732 -0.3449528 0 P 0
L -0.6168267 -0.3449528 -0.6168267 -0.3036142 0 P 0
L -0.6168268 -0.2263307 -0.5951733 -0.2263307 0 P 0
L -0.6168268 -0.2676693 -0.5951733 -0.2676693 0 P 0
L -0.6168268 -0.2676693 -0.6168268 -0.2263307 0 P 0
L -0.6205039 0.3245984 -0.6205039 0.3494015 0 P 0
L -0.6226693 0.5471733 -0.5813307 0.5471733 0 P 0
L -0.6226693 0.5471733 -0.6226693 0.5688268 0 P 0
L -0.6226693 0.5688268 -0.5813307 0.5688268 0 P 0
L -0.6306693 0.2091732 -0.5893307 0.2091732 0 P 0
L -0.6306693 0.2091732 -0.6306693 0.2308267 0 P 0
L -0.6306693 0.2091733 -0.5893307 0.2091733 0 P 0
L -0.6306693 0.2091733 -0.6306693 0.2308268 0 P 0
L -0.6306693 0.2308267 -0.5893307 0.2308267 0 P 0
L -0.6306693 0.2308268 -0.5893307 0.2308268 0 P 0
L 0.6308268 0.2393307 0.6308268 0.2806693 0 P 0
L 0.6318268 -0.3526693 0.6318268 -0.3113307 0 P 0
L 0.6326693 -0.5398268 0.6326693 -0.5181733 0 P 0
L -0.633496 0.3245984 -0.6205039 0.3245984 0 P 0
L -0.633496 0.3245984 -0.633496 0.3494015 0 P 0
L -0.633496 0.3494015 -0.6205039 0.3494015 0 P 0
