#Layer_Color=32768
#
#Feature symbol names
#
$0 r1.9685
$1 r3.937

#
#Feature attribute names
#

#
#Layer features
#
L 0 -0.3616851 0 -0.322315 1 P 0
L -0.0074961 0.2672835 -0.0074961 0.3027166 0 P 0
L -0.0074961 0.2672835 0.0554961 0.2672835 0 P 0
L -0.0074961 0.3027166 0.0554961 0.3027166 0 P 0
L -0.0074961 0.3552834 -0.0074961 0.3907165 0 P 0
L -0.0074961 0.3552834 0.0554961 0.3552834 0 P 0
L -0.0074961 0.3907165 0.0554961 0.3907165 0 P 0
L 0.0084961 -0.1087165 0.0084961 -0.0732834 0 P 0
L -0.01 0.4941733 -0.01 0.5158268 1 P 0
L -0.011 -0.1558267 -0.011 -0.1341732 1 P 0
L 0.0131732 0.285 0.0348268 0.285 1 P 0
L 0.0131732 0.373 0.0348268 0.373 1 P 0
L -0.019685 -0.342 0.0196851 -0.342 1 P 0
L -0.0208268 0.505 0.0008268 0.505 1 P 0
L 0.0214961 0.4872835 0.0214961 0.5227166 0 P 0
L -0.0218268 -0.145 -0.0001732 -0.145 1 P 0
L -0.023 -0.1018267 -0.023 -0.0801732 1 P 0
L 0.024 0.2741733 0.024 0.2958268 1 P 0
L 0.024 0.3621732 0.024 0.3838267 1 P 0
L -0.0338268 -0.091 -0.0121732 -0.091 1 P 0
L 0.0342756 -0.168622 0.0342756 -0.121378 0 P 0
L -0.0367244 -0.2390235 -0.0367244 -0.1917795 0 P 0
L -0.0414961 0.4872835 0.0214961 0.4872835 0 P 0
L -0.0414961 0.4872835 -0.0414961 0.5227166 0 P 0
L -0.0414961 0.5227166 0.0214961 0.5227166 0 P 0
L -0.0544961 -0.0732834 0.0084961 -0.0732834 0 P 0
L -0.0544961 -0.1087165 0.0084961 -0.1087165 0 P 0
L -0.0544961 -0.1087165 -0.0544961 -0.0732834 0 P 0
L -0.0551181 -0.2790079 0.0551181 -0.2790079 1 P 0
L -0.0551181 -0.4049921 -0.0551181 -0.2790079 1 P 0
L 0.0551181 -0.4049921 0.0551181 -0.2790079 1 P 0
L -0.0551181 -0.4049921 0.0551181 -0.4049921 1 P 0
L 0.0554961 0.2672835 0.0554961 0.3027166 0 P 0
L 0.0554961 0.3552834 0.0554961 0.3907165 0 P 0
L -0.0562756 -0.121378 0.0342756 -0.121378 0 P 0
L -0.0562756 -0.168622 0.0342756 -0.168622 0 P 0
L -0.0562756 -0.168622 -0.0562756 -0.121378 0 P 0
L -0.0577087 0.4099449 -0.0577087 0.5280551 1 P 0
L 0.0677087 0.4359449 0.0677087 0.5540551 1 P 0
L 0.0677087 0.4359449 0.1562913 0.4359449 1 P 0
L 0.0677087 0.5540551 0.1562913 0.5540551 1 P 0
L -0.0715039 -0.3892441 -0.0715039 -0.353811 0 P 0
L -0.082 -0.2262282 -0.082 -0.2045747 1 P 0
L -0.0895039 -0.1087165 -0.0895039 -0.0732834 0 P 0
L -0.0895039 -0.1567165 -0.0895039 -0.1212834 0 P 0
L -0.0928268 -0.2154015 -0.0711732 -0.2154015 1 P 0
L 0.0985039 0.3932834 0.0985039 0.4287165 0 P 0
L 0.0985039 0.3932834 0.1614961 0.3932834 0 P 0
L 0.0985039 0.4287165 0.1614961 0.4287165 0 P 0
L -0.103 -0.3823543 -0.103 -0.3607008 1 P 0
L -0.1138268 -0.3715276 -0.0921732 -0.3715276 1 P 0
L -0.1172834 0.2825039 -0.1172834 0.3454961 0 P 0
L 0.1191732 0.411 0.1408268 0.411 1 P 0
L -0.121 -0.1018267 -0.121 -0.0801732 1 P 0
L -0.121 -0.1498267 -0.121 -0.1281732 1 P 0
L -0.1272756 -0.1917795 -0.0367244 -0.1917795 0 P 0
L -0.1272756 -0.2390235 -0.0367244 -0.2390235 0 P 0
L -0.1272756 -0.2390235 -0.1272756 -0.1917795 0 P 0
L 0.13 0.4001732 0.13 0.4218267 1 P 0
L -0.1318268 -0.091 -0.1101732 -0.091 1 P 0
L -0.1318268 -0.139 -0.1101732 -0.139 1 P 0
L -0.1325039 0.2262834 -0.1325039 0.2617165 0 P 0
L -0.1344961 -0.353811 -0.0715039 -0.353811 0 P 0
L -0.1344961 -0.3892441 -0.0715039 -0.3892441 0 P 0
L -0.1344961 -0.3892441 -0.1344961 -0.353811 0 P 0
L -0.135 0.3031732 -0.135 0.3248268 1 P 0
L -0.1458267 0.314 -0.1241732 0.314 1 P 0
L -0.1462913 0.4099449 -0.0577087 0.4099449 1 P 0
L -0.1462913 0.4099449 -0.1462913 0.5280551 1 P 0
L -0.1462913 0.5280551 -0.0577087 0.5280551 1 P 0
L -0.1482835 -0.4207402 -0.1482835 -0.357748 0 P 0
L -0.1524961 -0.0732834 -0.0895039 -0.0732834 0 P 0
L -0.1524961 -0.1087165 -0.0895039 -0.1087165 0 P 0
L -0.1524961 -0.1087165 -0.1524961 -0.0732834 0 P 0
L -0.1524961 -0.1212834 -0.0895039 -0.1212834 0 P 0
L -0.1524961 -0.1567165 -0.0895039 -0.1567165 0 P 0
L -0.1524961 -0.1567165 -0.1524961 -0.1212834 0 P 0
L -0.1527165 0.2825039 -0.1172834 0.2825039 0 P 0
L -0.1527165 0.2825039 -0.1527165 0.3454961 0 P 0
L -0.1527165 0.3454961 -0.1172834 0.3454961 0 P 0
L 0.1545039 -0.4612834 0.2174961 -0.4612834 0 P 0
L 0.1545039 -0.4967165 0.1545039 -0.4612834 0 P 0
L 0.1545039 -0.4967165 0.2174961 -0.4967165 0 P 0
L -0.1552834 0.1965039 -0.1552834 0.2594961 0 P 0
L 0.1562913 0.4359449 0.1562913 0.5540551 1 P 0
L 0.1614961 0.3932834 0.1614961 0.4287165 0 P 0
L -0.164 0.2331732 -0.164 0.2548267 1 P 0
L -0.166 -0.4000709 -0.166 -0.3784173 1 P 0
L -0.1675039 0.1162835 -0.1675039 0.1517166 0 P 0
L -0.1702284 -0.2468976 -0.1702284 -0.1091023 1 P 0
L -0.173 0.2171732 -0.173 0.2388268 1 P 0
L -0.1735039 0.5172834 -0.1735039 0.5527165 0 P 0
L -0.1748268 0.244 -0.1531732 0.244 1 P 0
L 0.1751732 -0.479 0.1968268 -0.479 1 P 0
L -0.1768268 -0.3892441 -0.1551733 -0.3892441 1 P 0
L -0.1782834 -0.6032126 -0.1782834 -0.5402204 0 P 0
L -0.1822835 0.5115039 -0.1822835 0.5744961 0 P 0
L -0.1837166 -0.357748 -0.1482835 -0.357748 0 P 0
L -0.1837166 -0.4207402 -0.1482835 -0.4207402 0 P 0
L -0.1837166 -0.4207402 -0.1837166 -0.357748 0 P 0
L -0.1838267 0.228 -0.1621732 0.228 1 P 0
L 0.186 -0.4898267 0.186 -0.4681732 1 P 0
L 0.1865039 0.4992835 0.1865039 0.5347166 0 P 0
L 0.1865039 0.4992835 0.2494961 0.4992835 0 P 0
L 0.1865039 0.5347166 0.2494961 0.5347166 0 P 0
L -0.1907165 0.1965039 -0.1552834 0.1965039 0 P 0
L -0.1907165 0.1965039 -0.1907165 0.2594961 0 P 0
L -0.1907165 0.2594961 -0.1552834 0.2594961 0 P 0
L -0.1954961 0.2262834 -0.1325039 0.2262834 0 P 0
L -0.1954961 0.2262834 -0.1954961 0.2617165 0 P 0
L -0.1954961 0.2617165 -0.1325039 0.2617165 0 P 0
L -0.196 -0.5825433 -0.196 -0.5608897 1 P 0
L -0.1969449 -0.4768425 -0.1969449 -0.3882599 1 P 0
L -0.1979291 0.1459291 -0.1979291 0.5120709 0 P 0
L -0.199 0.1231733 -0.199 0.1448268 1 P 0
L -0.2 0.5321732 -0.2 0.5538268 1 P 0
L -0.2035039 0.0682835 -0.2035039 0.1037166 0 P 0
L -0.205 0.5241732 -0.205 0.5458267 1 P 0
L -0.2062834 0.4375039 -0.2062834 0.5004961 0 P 0
L -0.2068267 -0.5717165 -0.1851732 -0.5717165 1 P 0
L 0.2071732 0.517 0.2288268 0.517 1 P 0
L -0.2098268 0.134 -0.1881732 0.134 1 P 0
L -0.2108268 0.543 -0.1891733 0.543 1 P 0
L -0.2137165 -0.5402204 -0.1782834 -0.5402204 0 P 0
L -0.2137165 -0.6032126 -0.1782834 -0.6032126 0 P 0
L -0.2137165 -0.6032126 -0.2137165 -0.5402204 0 P 0
L -0.2158268 0.535 -0.1941732 0.535 1 P 0
L 0.2174961 -0.4967165 0.2174961 -0.4612834 0 P 0
L -0.2177166 0.5115039 -0.1822835 0.5115039 0 P 0
L -0.2177166 0.5115039 -0.2177166 0.5744961 0 P 0
L -0.2177166 0.5744961 -0.1822835 0.5744961 0 P 0
L 0.218 0.5061733 0.218 0.5278268 1 P 0
L 0.2229134 -0.3612834 0.5870866 -0.3612834 0 P 0
L 0.2229134 -0.6467165 0.2229134 -0.3612834 0 P 0
L 0.2229134 -0.6467165 0.5870866 -0.6467165 0 P 0
L -0.224 0.4581732 -0.224 0.4798268 1 P 0
L -0.2245039 -0.3717165 -0.2245039 -0.3362834 0 P 0
L -0.2255039 -0.5367165 -0.2255039 -0.5012834 0 P 0
L -0.2255039 -0.5927165 -0.2255039 -0.5572834 0 P 0
L -0.2265039 -0.5157166 -0.2265039 -0.4802835 0 P 0
L -0.2267244 -0.607622 -0.2267244 -0.560378 0 P 0
L -0.2304961 0.1162835 -0.1675039 0.1162835 0 P 0
L -0.2304961 0.1162835 -0.2304961 0.1517166 0 P 0
L -0.2304961 0.1517166 -0.1675039 0.1517166 0 P 0
L -0.2348267 0.469 -0.2131732 0.469 1 P 0
L -0.235 0.0751733 -0.235 0.0968268 1 P 0
L 0.2355039 -0.1902834 0.2984961 -0.1902834 0 P 0
L 0.2355039 -0.2257165 0.2355039 -0.1902834 0 P 0
L 0.2355039 -0.2257165 0.2984961 -0.2257165 0 P 0
L -0.2364961 0.5172834 -0.1735039 0.5172834 0 P 0
L -0.2364961 0.5172834 -0.2364961 0.5527165 0 P 0
L -0.2364961 0.5527165 -0.1735039 0.5527165 0 P 0
L -0.2392835 -0.4094961 -0.2392835 -0.3465039 0 P 0
L -0.2417165 0.4375039 -0.2062834 0.4375039 0 P 0
L -0.2417165 0.4375039 -0.2417165 0.5004961 0 P 0
L -0.2417165 0.5004961 -0.2062834 0.5004961 0 P 0
L -0.2458268 0.086 -0.2241732 0.086 1 P 0
L -0.2470001 -0.197685 -0.2470001 -0.1583149 1 P 0
L 0.2494961 0.4992835 0.2494961 0.5347166 0 P 0
L -0.256 -0.3648267 -0.256 -0.3431732 1 P 0
L 0.2561732 -0.208 0.2778268 -0.208 1 P 0
L -0.257 -0.3888268 -0.257 -0.3671732 1 P 0
L -0.257 -0.5298267 -0.257 -0.5081732 1 P 0
L -0.257 -0.5858267 -0.257 -0.5641732 1 P 0
L -0.258 -0.5088268 -0.258 -0.4871733 1 P 0
L -0.2615039 -0.2527166 -0.2615039 -0.2172835 0 P 0
L -0.2664961 0.0682835 -0.2035039 0.0682835 0 P 0
L -0.2664961 0.0682835 -0.2664961 0.1037166 0 P 0
L -0.2664961 0.1037166 -0.2035039 0.1037166 0 P 0
L -0.2666851 -0.178 -0.227315 -0.178 1 P 0
L -0.2668268 -0.354 -0.2451732 -0.354 1 P 0
L 0.267 -0.2188267 0.267 -0.1971732 1 P 0
L 0.2672835 0.4975039 0.2672835 0.5604961 0 P 0
L 0.2672835 0.4975039 0.3027166 0.4975039 0 P 0
L 0.2672835 0.5604961 0.3027166 0.5604961 0 P 0
L -0.2675039 0.4662834 -0.2675039 0.5017165 0 P 0
L -0.2678268 -0.378 -0.2461733 -0.378 1 P 0
L -0.2678268 -0.519 -0.2461732 -0.519 1 P 0
L -0.2678268 -0.575 -0.2461732 -0.575 1 P 0
L -0.2687087 -0.0210551 -0.2687087 0.0970551 1 P 0
L -0.2688268 -0.498 -0.2471732 -0.498 1 P 0
L 0.2692834 0.2785039 0.2692834 0.3414961 0 P 0
L 0.2692834 0.2785039 0.3047165 0.2785039 0 P 0
L 0.2692834 0.3414961 0.3047165 0.3414961 0 P 0
L -0.272 -0.5948267 -0.272 -0.5731732 1 P 0
L -0.2739449 -0.0012913 -0.2739449 0.0872913 1 P 0
L 0.2741733 0.529 0.2958268 0.529 1 P 0
L -0.2747166 -0.3465039 -0.2392835 -0.3465039 0 P 0
L -0.2747166 -0.4094961 -0.2392835 -0.4094961 0 P 0
L -0.2747166 -0.4094961 -0.2747166 -0.3465039 0 P 0
L 0.2761732 0.31 0.2978267 0.31 1 P 0
L -0.2825039 0.1412835 -0.2825039 0.1767166 0 P 0
L -0.2828268 -0.584 -0.2611732 -0.584 1 P 0
L 0.285 0.5181732 0.285 0.5398268 1 P 0
L 0.287 0.2991732 0.287 0.3208268 1 P 0
L -0.2874961 -0.3362834 -0.2245039 -0.3362834 0 P 0
L -0.2874961 -0.3717165 -0.2245039 -0.3717165 0 P 0
L -0.2874961 -0.3717165 -0.2874961 -0.3362834 0 P 0
L -0.2882835 -0.4094961 -0.2882835 -0.3465039 0 P 0
L -0.2884961 -0.5012834 -0.2255039 -0.5012834 0 P 0
L -0.2884961 -0.5367165 -0.2255039 -0.5367165 0 P 0
L -0.2884961 -0.5367165 -0.2884961 -0.5012834 0 P 0
L -0.2884961 -0.5572834 -0.2255039 -0.5572834 0 P 0
L -0.2884961 -0.5927165 -0.2255039 -0.5927165 0 P 0
L -0.2884961 -0.5927165 -0.2884961 -0.5572834 0 P 0
L -0.2894961 -0.4802835 -0.2265039 -0.4802835 0 P 0
L -0.2894961 -0.5157166 -0.2265039 -0.5157166 0 P 0
L -0.2894961 -0.5157166 -0.2894961 -0.4802835 0 P 0
L 0.2902283 -0.0301024 0.4437717 -0.0301024 1 P 0
L 0.2902283 -0.1678977 0.2902283 -0.0301024 1 P 0
L 0.2902283 -0.1678977 0.4437717 -0.1678977 1 P 0
L 0.2902598 -0.2260393 0.4477402 -0.2260393 1 P 0
L 0.2902598 -0.3559606 0.2902598 -0.2260393 1 P 0
L 0.2902598 -0.3559606 0.4477402 -0.3559606 1 P 0
L -0.293 -0.2458268 -0.293 -0.2241733 1 P 0
L -0.2950158 -0.1540551 -0.2950158 -0.0359449 1 P 0
L 0.2952834 0.2015039 0.2952834 0.2644961 0 P 0
L 0.2952834 0.2015039 0.3307165 0.2015039 0 P 0
L 0.2952834 0.2644961 0.3307165 0.2644961 0 P 0
L 0.2984961 -0.2257165 0.2984961 -0.1902834 0 P 0
L -0.299 0.4731732 -0.299 0.4948267 1 P 0
L -0.2999369 -0.2037165 -0.2999369 -0.1682834 0 P 0
L 0.3021732 0.233 0.3238267 0.233 1 P 0
L 0.3027166 0.4975039 0.3027166 0.5604961 0 P 0
L 0.3035039 -0.1902834 0.3664961 -0.1902834 0 P 0
L 0.3035039 -0.2257165 0.3035039 -0.1902834 0 P 0
L 0.3035039 -0.2257165 0.3664961 -0.2257165 0 P 0
L -0.3038268 -0.235 -0.2821732 -0.235 1 P 0
L -0.3045039 -0.3717165 -0.3045039 -0.3362834 0 P 0
L 0.3047165 0.2785039 0.3047165 0.3414961 0 P 0
L -0.306 -0.3888268 -0.306 -0.3671732 1 P 0
L 0.3062756 0.2949686 0.3062756 0.5410315 0 P 0
L 0.3062756 0.2949686 0.5523385 0.2949686 0 P 0
L 0.3062756 0.5410315 0.5523385 0.5410315 0 P 0
L -0.3098268 0.484 -0.2881732 0.484 1 P 0
L 0.313 0.2221732 0.313 0.2438268 1 P 0
L -0.314 0.1481733 -0.314 0.1698268 1 P 0
L -0.3150551 -0.3882599 -0.1969449 -0.3882599 1 P 0
L -0.3150551 -0.4768425 -0.1969449 -0.4768425 1 P 0
L -0.3150551 -0.4768425 -0.3150551 -0.3882599 1 P 0
L -0.3168268 -0.378 -0.2951733 -0.378 1 P 0
L -0.3172756 -0.560378 -0.2267244 -0.560378 0 P 0
L -0.3172756 -0.607622 -0.2267244 -0.607622 0 P 0
L -0.3172756 -0.607622 -0.3172756 -0.560378 0 P 0
L -0.3237166 -0.3465039 -0.2882835 -0.3465039 0 P 0
L -0.3237166 -0.4094961 -0.2882835 -0.4094961 0 P 0
L -0.3237166 -0.4094961 -0.3237166 -0.3465039 0 P 0
L -0.3237717 -0.1091023 -0.1702284 -0.1091023 1 P 0
L -0.3237717 -0.2468976 -0.1702284 -0.2468976 1 P 0
L -0.3237717 -0.2468976 -0.3237717 -0.1091023 1 P 0
L 0.3241732 -0.208 0.3458268 -0.208 1 P 0
L -0.3244961 -0.2172835 -0.2615039 -0.2172835 0 P 0
L -0.3244961 -0.2527166 -0.2615039 -0.2527166 0 P 0
L -0.3244961 -0.2527166 -0.3244961 -0.2172835 0 P 0
L -0.3248268 0.159 -0.3031732 0.159 1 P 0
L -0.3295039 -0.0507165 -0.3295039 -0.0152834 0 P 0
L -0.3295039 -0.0967166 -0.3295039 -0.0612835 0 P 0
L -0.3302835 -0.3804961 -0.3302835 -0.3175039 0 P 0
L -0.3304961 0.4662834 -0.2675039 0.4662834 0 P 0
L -0.3304961 0.4662834 -0.3304961 0.5017165 0 P 0
L -0.3304961 0.5017165 -0.2675039 0.5017165 0 P 0
L 0.3307165 0.2015039 0.3307165 0.2644961 0 P 0
L -0.331433 -0.1968267 -0.331433 -0.1751732 1 P 0
L 0.335 -0.2188267 0.335 -0.1971732 1 P 0
L -0.336 -0.3648267 -0.336 -0.3431732 1 P 0
L -0.3399369 -0.4227165 -0.3399369 -0.3872834 0 P 0
L -0.3399843 -0.6280157 -0.3399843 -0.3799842 1 P 0
L -0.3422598 -0.186 -0.3206062 -0.186 1 P 0
L -0.3435039 -0.2747166 -0.3435039 -0.2392835 0 P 0
L -0.3454961 0.1412835 -0.2825039 0.1412835 0 P 0
L -0.3454961 0.1412835 -0.3454961 0.1767166 0 P 0
L -0.3454961 0.1767166 -0.2825039 0.1767166 0 P 0
L -0.3468268 -0.354 -0.3251732 -0.354 1 P 0
L 0.347315 -0.099 0.386685 -0.099 1 P 0
L -0.348 -0.3598268 -0.348 -0.3381732 1 P 0
L 0.3552205 -0.291 0.3837638 -0.291 1 P 0
L -0.3572913 -0.0210551 -0.2687087 -0.0210551 1 P 0
L -0.3572913 -0.0210551 -0.3572913 0.0970551 1 P 0
L -0.3572913 0.0970551 -0.2687087 0.0970551 1 P 0
L -0.3588268 -0.349 -0.3371733 -0.349 1 P 0
L -0.361 -0.0438267 -0.361 -0.0221732 1 P 0
L -0.361 -0.0898268 -0.361 -0.0681733 1 P 0
L -0.3629291 -0.1682834 -0.2999369 -0.1682834 0 P 0
L -0.3629291 -0.2037165 -0.2999369 -0.2037165 0 P 0
L -0.3629291 -0.2037165 -0.3629291 -0.1682834 0 P 0
L -0.3657166 -0.3175039 -0.3302835 -0.3175039 0 P 0
L -0.3657166 -0.3804961 -0.3302835 -0.3804961 0 P 0
L -0.3657166 -0.3804961 -0.3657166 -0.3175039 0 P 0
L 0.3664961 -0.2257165 0.3664961 -0.1902834 0 P 0
L 0.367 -0.1186851 0.367 -0.079315 1 P 0
L -0.3674961 -0.3362834 -0.3045039 -0.3362834 0 P 0
L -0.3674961 -0.3717165 -0.3045039 -0.3717165 0 P 0
L -0.3674961 -0.3717165 -0.3674961 -0.3362834 0 P 0
L 0.369 -0.310685 0.369 -0.2713149 1 P 0
L -0.371433 -0.4158267 -0.371433 -0.3941732 1 P 0
L 0.3715039 0.1022834 0.3715039 0.1377165 0 P 0
L 0.3715039 0.1022834 0.4344961 0.1022834 0 P 0
L 0.3715039 0.1377165 0.4344961 0.1377165 0 P 0
L -0.3718268 -0.033 -0.3501732 -0.033 1 P 0
L -0.3718268 -0.079 -0.3501732 -0.079 1 P 0
L -0.375 -0.2678268 -0.375 -0.2461733 1 P 0
L -0.3762835 -0.3804961 -0.3762835 -0.3175039 0 P 0
L -0.381 0.3093149 -0.381 0.348685 1 P 0
L -0.3812834 -0.3724961 -0.3812834 -0.3095039 0 P 0
L -0.3822598 -0.405 -0.3606062 -0.405 1 P 0
L -0.3835984 -0.0359449 -0.2950158 -0.0359449 1 P 0
L -0.3835984 -0.1540551 -0.2950158 -0.1540551 1 P 0
L -0.3835984 -0.1540551 -0.3835984 -0.0359449 1 P 0
L 0.3853149 -0.504 0.424685 -0.504 1 P 0
L -0.3858268 -0.257 -0.3641732 -0.257 1 P 0
L -0.3920551 -0.0012913 -0.2739449 -0.0012913 1 P 0
L -0.3920551 -0.0012913 -0.3920551 0.0872913 1 P 0
L -0.3920551 0.0872913 -0.2739449 0.0872913 1 P 0
L 0.3921732 0.12 0.4138268 0.12 1 P 0
L -0.3924961 -0.0152834 -0.3295039 -0.0152834 0 P 0
L -0.3924961 -0.0507165 -0.3295039 -0.0507165 0 P 0
L -0.3924961 -0.0507165 -0.3924961 -0.0152834 0 P 0
L -0.3924961 -0.0612835 -0.3295039 -0.0612835 0 P 0
L -0.3924961 -0.0967166 -0.3295039 -0.0967166 0 P 0
L -0.3924961 -0.0967166 -0.3924961 -0.0612835 0 P 0
L -0.394 -0.3598268 -0.394 -0.3381732 1 P 0
L -0.399 -0.3518268 -0.399 -0.3301732 1 P 0
L -0.400685 0.329 -0.3613149 0.329 1 P 0
L -0.4029291 -0.3872834 -0.3399369 -0.3872834 0 P 0
L -0.4029291 -0.4227165 -0.3399369 -0.4227165 0 P 0
L -0.4029291 -0.4227165 -0.4029291 -0.3872834 0 P 0
L 0.403 0.1091732 0.403 0.1308267 1 P 0
L -0.4048268 -0.349 -0.3831733 -0.349 1 P 0
L 0.405 -0.523685 0.405 -0.4843149 1 P 0
L -0.4064961 -0.2392835 -0.3435039 -0.2392835 0 P 0
L -0.4064961 -0.2747166 -0.3435039 -0.2747166 0 P 0
L -0.4064961 -0.2747166 -0.4064961 -0.2392835 0 P 0
L 0.409622 0.418 0.4489921 0.418 1 P 0
L -0.4098267 -0.341 -0.3881732 -0.341 1 P 0
L -0.4117166 -0.3175039 -0.3762835 -0.3175039 0 P 0
L -0.4117166 -0.3804961 -0.3762835 -0.3804961 0 P 0
L -0.4117166 -0.3804961 -0.4117166 -0.3175039 0 P 0
L -0.4167165 -0.3095039 -0.3812834 -0.3095039 0 P 0
L -0.4167165 -0.3724961 -0.3812834 -0.3724961 0 P 0
L -0.4167165 -0.3724961 -0.4167165 -0.3095039 0 P 0
L 0.4293071 0.398315 0.4293071 0.4376851 1 P 0
L -0.4331024 -0.4256457 -0.4331024 -0.2563543 0 P 0
L 0.4344961 0.1022834 0.4344961 0.1377165 0 P 0
L 0.4437717 -0.1678977 0.4437717 -0.0301024 1 P 0
L -0.4445039 -0.1927165 -0.4445039 -0.1572834 0 P 0
L -0.4445039 -0.2427166 -0.4445039 -0.2072835 0 P 0
L -0.4455039 -0.0447166 -0.4455039 -0.0092835 0 P 0
L -0.4455039 -0.1456456 -0.4455039 -0.1102125 0 P 0
L -0.4465039 -0.0937166 -0.4465039 -0.0582835 0 P 0
L 0.4477402 -0.3559606 0.4477402 -0.2260393 1 P 0
L 0.4567244 -0.168378 0.5472756 -0.168378 0 P 0
L 0.4567244 -0.215622 0.4567244 -0.168378 0 P 0
L 0.4567244 -0.215622 0.5472756 -0.215622 0 P 0
L 0.4595039 -0.0742834 0.5224961 -0.0742834 0 P 0
L 0.4595039 -0.1097165 0.4595039 -0.0742834 0 P 0
L 0.4595039 -0.1097165 0.5224961 -0.1097165 0 P 0
L -0.464 -0.523685 -0.464 -0.484315 1 P 0
L 0.4715039 0.1042835 0.4715039 0.1397166 0 P 0
L 0.4715039 0.1042835 0.5344961 0.1042835 0 P 0
L 0.4715039 0.1397166 0.5344961 0.1397166 0 P 0
L -0.476 -0.1858267 -0.476 -0.1641732 1 P 0
L -0.476 -0.2358268 -0.476 -0.2141733 1 P 0
L -0.477 -0.0378268 -0.477 -0.0161733 1 P 0
L -0.477 -0.1387558 -0.477 -0.1171023 1 P 0
L -0.4775039 0.5822834 -0.4775039 0.6177165 0 P 0
L -0.478 -0.0868268 -0.478 -0.0651733 1 P 0
L 0.4801732 -0.092 0.5018268 -0.092 1 P 0
L 0.4819449 -0.2867087 0.6000551 -0.2867087 1 P 0
L 0.4819449 -0.3752913 0.4819449 -0.2867087 1 P 0
L 0.4819449 -0.3752913 0.6000551 -0.3752913 1 P 0
L -0.483685 -0.504 -0.444315 -0.504 1 P 0
L 0.4845039 -0.2352834 0.5474961 -0.2352834 0 P 0
L 0.4845039 -0.2707165 0.4845039 -0.2352834 0 P 0
L 0.4845039 -0.2707165 0.5474961 -0.2707165 0 P 0
L -0.4868268 -0.175 -0.4651732 -0.175 1 P 0
L -0.4868268 -0.225 -0.4651732 -0.225 1 P 0
L -0.4878268 -0.027 -0.4661732 -0.027 1 P 0
L -0.4878268 -0.1279291 -0.4661732 -0.1279291 1 P 0
L -0.4888268 -0.076 -0.4671732 -0.076 1 P 0
L 0.491 -0.1028267 0.491 -0.0811732 1 P 0
L 0.4911732 -0.192 0.5128268 -0.192 1 P 0
L 0.4921732 0.122 0.5138268 0.122 1 P 0
L 0.502 -0.2028267 0.502 -0.1811732 1 P 0
L -0.502 -0.360685 -0.502 -0.321315 1 P 0
L 0.503 0.1111733 0.503 0.1328268 1 P 0
L 0.5051732 -0.253 0.5268268 -0.253 1 P 0
L -0.5074961 -0.1572834 -0.4445039 -0.1572834 0 P 0
L -0.5074961 -0.1927165 -0.4445039 -0.1927165 0 P 0
L -0.5074961 -0.1927165 -0.5074961 -0.1572834 0 P 0
L -0.5074961 -0.2072835 -0.4445039 -0.2072835 0 P 0
L -0.5074961 -0.2427166 -0.4445039 -0.2427166 0 P 0
L -0.5074961 -0.2427166 -0.5074961 -0.2072835 0 P 0
L -0.5084961 -0.0092835 -0.4455039 -0.0092835 0 P 0
L -0.5084961 -0.0447166 -0.4455039 -0.0447166 0 P 0
L -0.5084961 -0.0447166 -0.5084961 -0.0092835 0 P 0
L -0.5084961 -0.1102125 -0.4455039 -0.1102125 0 P 0
L -0.5084961 -0.1456456 -0.4455039 -0.1456456 0 P 0
L -0.5084961 -0.1456456 -0.5084961 -0.1102125 0 P 0
L -0.5085039 0.0172834 -0.5085039 0.0527165 0 P 0
L -0.5085039 0.0662834 -0.5085039 0.1017165 0 P 0
L -0.5085039 0.2642835 -0.5085039 0.2997166 0 P 0
L -0.509 0.5891732 -0.509 0.6108267 1 P 0
L -0.5094961 -0.0582835 -0.4465039 -0.0582835 0 P 0
L -0.5094961 -0.0937166 -0.4465039 -0.0937166 0 P 0
L -0.5094961 -0.0937166 -0.5094961 -0.0582835 0 P 0
L 0.516 -0.2638267 0.516 -0.2421732 1 P 0
L 0.5182835 0.3025039 0.5182835 0.3654961 0 P 0
L 0.5182835 0.3025039 0.5537166 0.3025039 0 P 0
L 0.5182835 0.3654961 0.5537166 0.3654961 0 P 0
L -0.5198268 0.6 -0.4981732 0.6 1 P 0
L -0.5216851 -0.341 -0.482315 -0.341 1 P 0
L 0.5224961 -0.1097165 0.5224961 -0.0742834 0 P 0
L 0.5251733 0.334 0.5468268 0.334 1 P 0
L -0.5285039 -0.3447165 -0.5285039 -0.3092834 0 P 0
L -0.5305039 0.5062835 -0.5305039 0.5417166 0 P 0
L -0.5317244 -0.042622 -0.5317244 0.004622 0 P 0
L -0.5327087 -0.1966535 -0.5327087 -0.0785433 1 P 0
L 0.5344961 0.1042835 0.5344961 0.1397166 0 P 0
L 0.536 0.3231732 0.536 0.3448268 1 P 0
L -0.5362835 -0.0424961 -0.5362835 0.0204961 0 P 0
L -0.54 0.0241732 -0.54 0.0458267 1 P 0
L -0.54 0.0731732 -0.54 0.0948267 1 P 0
L -0.54 0.2711733 -0.54 0.2928268 1 P 0
L -0.5404961 0.5822834 -0.4775039 0.5822834 0 P 0
L -0.5404961 0.5822834 -0.5404961 0.6177165 0 P 0
L -0.5404961 0.6177165 -0.4775039 0.6177165 0 P 0
L -0.5425039 -0.2357165 -0.5425039 -0.2002834 0 P 0
L 0.5465039 0.0942835 0.5465039 0.1297166 0 P 0
L 0.5465039 0.0942835 0.6094961 0.0942835 0 P 0
L 0.5465039 0.1297166 0.6094961 0.1297166 0 P 0
L 0.5472756 -0.215622 0.5472756 -0.168378 0 P 0
L 0.5474961 -0.2707165 0.5474961 -0.2352834 0 P 0
L -0.5475039 0.0832834 -0.5475039 0.1187165 0 P 0
L -0.5485039 0.5802835 -0.5485039 0.6157166 0 P 0
L -0.5508268 0.035 -0.5291732 0.035 1 P 0
L -0.5508268 0.084 -0.5291732 0.084 1 P 0
L -0.5508268 0.282 -0.5291732 0.282 1 P 0
L 0.551378 0.2127244 0.551378 0.3032756 0 P 0
L 0.551378 0.2127244 0.598622 0.2127244 0 P 0
L 0.551378 0.3032756 0.598622 0.3032756 0 P 0
L 0.5523385 0.2949686 0.5523385 0.5410315 0 P 0
L -0.5532835 -0.4904961 -0.5532835 -0.4275039 0 P 0
L 0.5537166 0.3025039 0.5537166 0.3654961 0 P 0
L -0.554 -0.0218268 -0.554 -0.0001732 1 P 0
L 0.5572835 0.1375039 0.5572835 0.2004961 0 P 0
L 0.5572835 0.1375039 0.5927166 0.1375039 0 P 0
L 0.5572835 0.2004961 0.5927166 0.2004961 0 P 0
L 0.5582835 0.5255039 0.5582835 0.5884961 0 P 0
L 0.5582835 0.5255039 0.5937166 0.5255039 0 P 0
L 0.5582835 0.5884961 0.5937166 0.5884961 0 P 0
L -0.56 -0.3378267 -0.56 -0.3161732 1 P 0
L -0.562 0.5131733 -0.562 0.5348268 1 P 0
L -0.5640709 0.1459291 -0.1979291 0.1459291 0 P 0
L -0.5640709 0.1459291 -0.5640709 0.5120709 0 P 0
L -0.5640709 0.5120709 -0.1979291 0.5120709 0 P 0
L 0.5641733 0.169 0.5858268 0.169 1 P 0
L 0.5641733 0.258 0.5858268 0.258 1 P 0
L -0.5648268 -0.011 -0.5431733 -0.011 1 P 0
L 0.5651733 0.557 0.5868268 0.557 1 P 0
L 0.5671732 0.112 0.5888268 0.112 1 P 0
L 0.5682835 0.3025039 0.5682835 0.3654961 0 P 0
L 0.5682835 0.3025039 0.6037166 0.3025039 0 P 0
L 0.5682835 0.3654961 0.6037166 0.3654961 0 P 0
L -0.5702204 0.3094409 -0.5702204 0.364559 0 P 0
L -0.5705039 0.5402835 -0.5705039 0.5757166 0 P 0
L -0.5708268 -0.327 -0.5491732 -0.327 1 P 0
L -0.5708977 -0.2563543 -0.4331024 -0.2563543 0 P 0
L -0.5708977 -0.4256457 -0.4331024 -0.4256457 0 P 0
L -0.5708977 -0.4256457 -0.5708977 -0.2563543 0 P 0
L -0.571 -0.4698268 -0.571 -0.4481732 1 P 0
L -0.5714961 0.0172834 -0.5085039 0.0172834 0 P 0
L -0.5714961 0.0172834 -0.5714961 0.0527165 0 P 0
L -0.5714961 0.0527165 -0.5085039 0.0527165 0 P 0
L -0.5714961 0.0662834 -0.5085039 0.0662834 0 P 0
L -0.5714961 0.0662834 -0.5714961 0.1017165 0 P 0
L -0.5714961 0.1017165 -0.5085039 0.1017165 0 P 0
L -0.5714961 0.2642835 -0.5085039 0.2642835 0 P 0
L -0.5714961 0.2642835 -0.5714961 0.2997166 0 P 0
L -0.5714961 0.2997166 -0.5085039 0.2997166 0 P 0
L -0.5717166 0.0204961 -0.5362835 0.0204961 0 P 0
L -0.5717166 -0.0424961 -0.5362835 -0.0424961 0 P 0
L -0.5717166 -0.0424961 -0.5717166 0.0204961 0 P 0
L -0.5728268 0.524 -0.5511732 0.524 1 P 0
L -0.574 -0.2288267 -0.574 -0.2071732 1 P 0
L -0.5742835 -0.1724961 -0.5742835 -0.1095039 0 P 0
L 0.575 0.1581732 0.575 0.1798268 1 P 0
L 0.575 0.2471732 0.575 0.2688268 1 P 0
L 0.5751733 0.334 0.5968268 0.334 1 P 0
L 0.576 0.5461732 0.576 0.5678268 1 P 0
L -0.577 -0.0298267 -0.577 -0.0081732 1 P 0
L 0.578 0.1011733 0.578 0.1228268 1 P 0
L -0.5785039 0.2022834 -0.5785039 0.2377165 0 P 0
L -0.5785039 0.2022835 -0.5785039 0.2377166 0 P 0
L -0.579 0.0901732 -0.579 0.1118267 1 P 0
L -0.5792205 0.434441 -0.5792205 0.4895591 0 P 0
L -0.58 0.5871733 -0.58 0.6088268 1 P 0
L 0.5805039 -0.5112835 0.6434961 -0.5112835 0 P 0
L 0.5805039 -0.5467166 0.5805039 -0.5112835 0 P 0
L 0.5805039 -0.5467166 0.6434961 -0.5467166 0 P 0
L -0.5818268 -0.459 -0.5601733 -0.459 1 P 0
L -0.584 0.3305039 -0.584 0.343496 1 P 0
L -0.5848268 -0.218 -0.5631732 -0.218 1 P 0
L 0.586 0.3231732 0.586 0.3448268 1 P 0
L -0.5862835 -0.0424961 -0.5862835 0.0204961 0 P 0
L 0.5870866 -0.6467165 0.5870866 -0.3612834 0 P 0
L -0.5878268 -0.019 -0.5661732 -0.019 1 P 0
L -0.5880158 -0.3799842 -0.3399843 -0.3799842 1 P 0
L -0.5880158 -0.6280157 -0.3399843 -0.6280157 1 P 0
L -0.5880158 -0.6280157 -0.5880158 -0.3799842 1 P 0
L -0.5882834 -0.3557796 -0.5882834 -0.2927874 0 P 0
L -0.5882835 -0.2784961 -0.5882835 -0.2155039 0 P 0
L -0.5887166 -0.4275039 -0.5532835 -0.4275039 0 P 0
L -0.5887166 -0.4904961 -0.5532835 -0.4904961 0 P 0
L -0.5887166 -0.4904961 -0.5887166 -0.4275039 0 P 0
L -0.5898268 0.101 -0.5681732 0.101 1 P 0
L -0.590496 0.337 -0.5775039 0.337 1 P 0
L -0.5908268 0.598 -0.5691732 0.598 1 P 0
L -0.5914961 -0.3092834 -0.5285039 -0.3092834 0 P 0
L -0.5914961 -0.3447165 -0.5285039 -0.3447165 0 P 0
L -0.5914961 -0.3447165 -0.5914961 -0.3092834 0 P 0
L -0.592 -0.1518268 -0.592 -0.1301732 1 P 0
L 0.5927166 0.1375039 0.5927166 0.2004961 0 P 0
L -0.593 0.455504 -0.593 0.4684961 1 P 0
L -0.5934961 0.5062835 -0.5305039 0.5062835 0 P 0
L -0.5934961 0.5062835 -0.5934961 0.5417166 0 P 0
L -0.5934961 0.5417166 -0.5305039 0.5417166 0 P 0
L 0.5937166 0.5255039 0.5937166 0.5884961 0 P 0
L -0.5977795 0.3094409 -0.5702204 0.3094409 0 P 0
L -0.5977795 0.3094409 -0.5977795 0.364559 0 P 0
L -0.5977795 0.364559 -0.5702204 0.364559 0 P 0
L 0.598622 0.2127244 0.598622 0.3032756 0 P 0
L -0.5994961 0.462 -0.586504 0.462 1 P 0
L 0.6000551 -0.3752913 0.6000551 -0.2867087 1 P 0
L 0.6011732 -0.529 0.6228268 -0.529 1 P 0
L -0.602 0.5471733 -0.602 0.5688268 1 P 0
L 0.6022835 0.2285039 0.6022835 0.2914961 0 P 0
L 0.6022835 0.2285039 0.6377166 0.2285039 0 P 0
L 0.6022835 0.2914961 0.6377166 0.2914961 0 P 0
L -0.6028268 -0.141 -0.5811733 -0.141 1 P 0
L 0.6032835 -0.3005039 0.6387166 -0.3005039 0 P 0
L 0.6032835 -0.3634961 0.6032835 -0.3005039 0 P 0
L 0.6032835 -0.3634961 0.6387166 -0.3634961 0 P 0
L 0.6037166 0.3025039 0.6037166 0.3654961 0 P 0
L -0.604 -0.0218268 -0.604 -0.0001732 1 P 0
L -0.6054961 -0.2002834 -0.5425039 -0.2002834 0 P 0
L -0.6054961 -0.2357165 -0.5425039 -0.2357165 0 P 0
L -0.6054961 -0.2357165 -0.6054961 -0.2002834 0 P 0
L -0.606 -0.2578268 -0.606 -0.2361732 1 P 0
L -0.606 -0.3351103 -0.606 -0.3134567 1 P 0
L -0.6067796 0.434441 -0.5792205 0.434441 0 P 0
L -0.6067796 0.434441 -0.6067796 0.4895591 0 P 0
L -0.6067796 0.4895591 -0.5792205 0.4895591 0 P 0
L 0.6091733 0.26 0.6308268 0.26 1 P 0
L 0.6094961 0.0942835 0.6094961 0.1297166 0 P 0
L -0.6097166 -0.1095039 -0.5742835 -0.1095039 0 P 0
L -0.6097166 -0.1724961 -0.5742835 -0.1724961 0 P 0
L -0.6097166 -0.1724961 -0.6097166 -0.1095039 0 P 0
L -0.61 0.2091732 -0.61 0.2308267 1 P 0
L -0.61 0.2091733 -0.61 0.2308268 1 P 0
L 0.6101733 -0.332 0.6318268 -0.332 1 P 0
L -0.6104961 0.0832834 -0.5475039 0.0832834 0 P 0
L -0.6104961 0.0832834 -0.6104961 0.1187165 0 P 0
L -0.6104961 0.1187165 -0.5475039 0.1187165 0 P 0
L -0.6114961 0.5802835 -0.5485039 0.5802835 0 P 0
L -0.6114961 0.5802835 -0.6114961 0.6157166 0 P 0
L -0.6114961 0.6157166 -0.5485039 0.6157166 0 P 0
L 0.612 -0.5398268 0.612 -0.5181733 1 P 0
L -0.6128268 0.558 -0.5911732 0.558 1 P 0
L -0.6132204 0.3094409 -0.6132204 0.364559 0 P 0
L -0.6148268 -0.011 -0.5931733 -0.011 1 P 0
L -0.6168267 -0.3242835 -0.5951732 -0.3242835 1 P 0
L -0.6168268 -0.247 -0.5951733 -0.247 1 P 0
L 0.62 0.2491732 0.62 0.2708268 1 P 0
L -0.6208268 0.22 -0.5991732 0.22 1 P 0
L -0.6208268 0.22 -0.5991732 0.22 1 P 0
L 0.621 -0.3428268 0.621 -0.3211732 1 P 0
L -0.6212913 -0.0785433 -0.5327087 -0.0785433 1 P 0
L -0.6212913 -0.1966535 -0.5327087 -0.1966535 1 P 0
L -0.6212913 -0.1966535 -0.6212913 -0.0785433 1 P 0
L -0.6217166 0.0204961 -0.5862835 0.0204961 0 P 0
L -0.6217166 -0.0424961 -0.5862835 -0.0424961 0 P 0
L -0.6217166 -0.0424961 -0.6217166 0.0204961 0 P 0
L -0.6222756 0.004622 -0.5317244 0.004622 0 P 0
L -0.6222756 -0.042622 -0.5317244 -0.042622 0 P 0
L -0.6222756 -0.042622 -0.6222756 0.004622 0 P 0
L -0.6237165 -0.2927874 -0.5882834 -0.2927874 0 P 0
L -0.6237165 -0.3557796 -0.5882834 -0.3557796 0 P 0
L -0.6237165 -0.3557796 -0.6237165 -0.2927874 0 P 0
L -0.6237166 -0.2155039 -0.5882835 -0.2155039 0 P 0
L -0.6237166 -0.2784961 -0.5882835 -0.2784961 0 P 0
L -0.6237166 -0.2784961 -0.6237166 -0.2155039 0 P 0
L -0.627 0.3305039 -0.627 0.343496 1 P 0
L -0.633496 0.337 -0.6205039 0.337 1 P 0
L -0.6334961 0.5402835 -0.5705039 0.5402835 0 P 0
L -0.6334961 0.5402835 -0.6334961 0.5757166 0 P 0
L -0.6334961 0.5757166 -0.5705039 0.5757166 0 P 0
L 0.6377166 0.2285039 0.6377166 0.2914961 0 P 0
L 0.6387166 -0.3634961 0.6387166 -0.3005039 0 P 0
L -0.6407795 0.3094409 -0.6132204 0.3094409 0 P 0
L -0.6407795 0.3094409 -0.6407795 0.364559 0 P 0
L -0.6407795 0.364559 -0.6132204 0.364559 0 P 0
L -0.6414961 0.2022834 -0.5785039 0.2022834 0 P 0
L -0.6414961 0.2022834 -0.6414961 0.2377165 0 P 0
L -0.6414961 0.2022835 -0.5785039 0.2022835 0 P 0
L -0.6414961 0.2022835 -0.6414961 0.2377166 0 P 0
L -0.6414961 0.2377165 -0.5785039 0.2377165 0 P 0
L -0.6414961 0.2377166 -0.5785039 0.2377166 0 P 0
L 0.6434961 -0.5467166 0.6434961 -0.5112835 0 P 0
