#Layer_Color=16711935
#
#Feature symbol names
#
$0 r3.937

#
#Feature attribute names
#

#
#Layer features
#
A 0.4260629 0.6286221 0.4260629 0.6286221 0.4063779 0.6286221 0 P 0 N
L 0.0309449 0.8905512 0.0309449 0.9594488 0 P 0
L 0.0309449 0.8905512 0.1490551 0.8905512 0 P 0
L 0.0309449 0.9594488 0.1490551 0.9594488 0 P 0
L 0.1205511 0.7162991 0.1205511 0.7537007 0 P 0
L 0.1205511 0.7162991 0.1894488 0.7162991 0 P 0
L 0.1205511 0.7537007 0.1894488 0.7537007 0 P 0
L 0.1205511 0.7862991 0.1205511 0.8237007 0 P 0
L 0.1205511 0.7862991 0.1894488 0.7862991 0 P 0
L 0.1205511 0.8237007 0.1894488 0.8237007 0 P 0
L 0.1490551 0.8905512 0.1490551 0.9594488 0 P 0
L 0.1812991 0.9105512 0.1812991 0.9794489 0 P 0
L 0.1812991 0.9105512 0.2187007 0.9105512 0 P 0
L 0.1812991 0.9794489 0.2187007 0.9794489 0 P 0
L 0.1894488 0.7162991 0.1894488 0.7537007 0 P 0
L 0.1894488 0.7862991 0.1894488 0.8237007 0 P 0
L 0.2187007 0.9105512 0.2187007 0.9794489 0 P 0
L 0.3689764 0.5439764 0.3689764 0.6660237 0 P 0
L 0.3689764 0.5439764 0.4910236 0.5439764 0 P 0
L 0.3689764 0.6660237 0.4910236 0.6660237 0 P 0
L 0.3862991 0.1015354 0.3862991 0.1684645 0 P 0
L 0.3862991 0.1015354 0.4237007 0.1015354 0 P 0
L 0.3862991 0.1684645 0.4237007 0.1684645 0 P 0
L 0.4162991 0.1155512 0.4162991 0.1844489 0 P 0
L 0.4162991 0.1155512 0.4537007 0.1155512 0 P 0
L 0.4162991 0.1844489 0.4537007 0.1844489 0 P 0
L 0.4237007 0.1015354 0.4237007 0.1684645 0 P 0
L 0.4537007 0.1155512 0.4537007 0.1844489 0 P 0
L 0.4555512 0.2862991 0.4555512 0.3237007 0 P 0
L 0.4555512 0.2862991 0.5244489 0.2862991 0 P 0
L 0.4555512 0.3237007 0.5244489 0.3237007 0 P 0
L 0.4910236 0.5439764 0.4910236 0.6660237 0 P 0
L 0.5015355 1.1112993 0.5015355 1.1487009 0 P 0
L 0.5015355 1.1112993 0.5684646 1.1112993 0 P 0
L 0.5015355 1.1487009 0.5684646 1.1487009 0 P 0
L 0.5065354 0.8562993 0.5065354 0.8937009 0 P 0
L 0.5065354 0.8562993 0.5734645 0.8562993 0 P 0
L 0.5065354 0.8937009 0.5734645 0.8937009 0 P 0
L 0.5244489 0.2862991 0.5244489 0.3237007 0 P 0
L 0.5524409 0.1909449 0.5524409 0.3090551 0 P 0
L 0.5524409 0.1909449 0.607559 0.1909449 0 P 0
L 0.5524409 0.3090551 0.607559 0.3090551 0 P 0
L 0.5655512 0.1212991 0.5655512 0.1587007 0 P 0
L 0.5655512 0.1212991 0.6344489 0.1212991 0 P 0
L 0.5655512 0.1587007 0.6344489 0.1587007 0 P 0
L 0.5665355 0.8562991 0.5665355 0.8937007 0 P 0
L 0.5665355 0.8562991 0.6334646 0.8562991 0 P 0
L 0.5665355 0.8937007 0.6334646 0.8937007 0 P 0
L 0.5684646 1.1112993 0.5684646 1.1487009 0 P 0
L 0.5705511 0.4012993 0.5705511 0.4387009 0 P 0
L 0.5705511 0.4012993 0.6394488 0.4012993 0 P 0
L 0.5705511 0.4387009 0.6394488 0.4387009 0 P 0
L 0.5705512 0.3362991 0.5705512 0.3737007 0 P 0
L 0.5705512 0.3362991 0.6394489 0.3362991 0 P 0
L 0.5705512 0.3737007 0.6394489 0.3737007 0 P 0
L 0.5734645 0.8562993 0.5734645 0.8937009 0 P 0
L 0.5765354 0.9262993 0.5765354 0.9637009 0 P 0
L 0.5765354 0.9262993 0.6434645 0.9262993 0 P 0
L 0.5765354 0.9637009 0.6434645 0.9637009 0 P 0
L 0.607559 0.1909449 0.607559 0.3090551 0 P 0
L 0.6209449 0.6274409 0.6209449 0.682559 0 P 0
L 0.6209449 0.6274409 0.7390551 0.6274409 0 P 0
L 0.6209449 0.682559 0.7390551 0.682559 0 P 0
L 0.6334646 0.8562991 0.6334646 0.8937007 0 P 0
L 0.6344489 0.1212991 0.6344489 0.1587007 0 P 0
L 0.6394488 0.4012993 0.6394488 0.4387009 0 P 0
L 0.6394489 0.3362991 0.6394489 0.3737007 0 P 0
L 0.6434645 0.9262993 0.6434645 0.9637009 0 P 0
L 0.6912991 0.1405511 0.6912991 0.2094488 0 P 0
L 0.6912991 0.1405511 0.7287007 0.1405511 0 P 0
L 0.6912991 0.2094488 0.7287007 0.2094488 0 P 0
L 0.6915355 1.1112993 0.6915355 1.1487009 0 P 0
L 0.6915355 1.1112993 0.7584646 1.1112993 0 P 0
L 0.6915355 1.1487009 0.7584646 1.1487009 0 P 0
L 0.6962991 0.2565354 0.6962991 0.3234645 0 P 0
L 0.6962991 0.2565354 0.7337007 0.2565354 0 P 0
L 0.6962991 0.3234645 0.7337007 0.3234645 0 P 0
L 0.6962991 0.3665354 0.6962991 0.4334645 0 P 0
L 0.6962991 0.3665354 0.7337007 0.3665354 0 P 0
L 0.6962991 0.4334645 0.7337007 0.4334645 0 P 0
L 0.7287007 0.1405511 0.7287007 0.2094488 0 P 0
L 0.7337007 0.2565354 0.7337007 0.3234645 0 P 0
L 0.7337007 0.3665354 0.7337007 0.4334645 0 P 0
L 0.7355512 0.7712991 0.7355512 0.8087007 0 P 0
L 0.7355512 0.7712991 0.8044489 0.7712991 0 P 0
L 0.7355512 0.8087007 0.8044489 0.8087007 0 P 0
L 0.7365355 0.9262991 0.7365355 0.9637007 0 P 0
L 0.7365355 0.9262991 0.8034646 0.9262991 0 P 0
L 0.7365355 0.9637007 0.8034646 0.9637007 0 P 0
L 0.7390551 0.6274409 0.7390551 0.682559 0 P 0
L 0.7584646 1.1112993 0.7584646 1.1487009 0 P 0
L 0.7805511 0.3912993 0.7805511 0.4287009 0 P 0
L 0.7805511 0.3912993 0.8494488 0.3912993 0 P 0
L 0.7805511 0.4287009 0.8494488 0.4287009 0 P 0
L 0.7805512 0.1262991 0.7805512 0.1637007 0 P 0
L 0.7805512 0.1262991 0.8494489 0.1262991 0 P 0
L 0.7805512 0.1637007 0.8494489 0.1637007 0 P 0
L 0.7815355 0.3012991 0.7815355 0.3387007 0 P 0
L 0.7815355 0.3012991 0.8484646 0.3012991 0 P 0
L 0.7815355 0.3387007 0.8484646 0.3387007 0 P 0
L 0.8034646 0.9262991 0.8034646 0.9637007 0 P 0
L 0.8044489 0.7712991 0.8044489 0.8087007 0 P 0
L 0.8362991 0.9355511 0.8362991 1.0044488 0 P 0
L 0.8362991 0.9355511 0.8737007 0.9355511 0 P 0
L 0.8362991 1.0044488 0.8737007 1.0044488 0 P 0
L 0.8484646 0.3012991 0.8484646 0.3387007 0 P 0
L 0.8494488 0.3912993 0.8494488 0.4287009 0 P 0
L 0.8494489 0.1262991 0.8494489 0.1637007 0 P 0
L 0.8737007 0.9355511 0.8737007 1.0044488 0 P 0
L 0.9162991 0.1405511 0.9162991 0.2094488 0 P 0
L 0.9162991 0.1405511 0.9537007 0.1405511 0 P 0
L 0.9162991 0.2094488 0.9537007 0.2094488 0 P 0
L 0.9162993 0.2655512 0.9162993 0.3344489 0 P 0
L 0.9162993 0.2655512 0.9537009 0.2655512 0 P 0
L 0.9162993 0.3344489 0.9537009 0.3344489 0 P 0
L 0.9162993 0.3865355 0.9162993 0.4534646 0 P 0
L 0.9162993 0.3865355 0.9537009 0.3865355 0 P 0
L 0.9162993 0.4534646 0.9537009 0.4534646 0 P 0
L 0.9537007 0.1405511 0.9537007 0.2094488 0 P 0
L 0.9537009 0.2655512 0.9537009 0.3344489 0 P 0
L 0.9537009 0.3865355 0.9537009 0.4534646 0 P 0
L 1.0055511 0.3912993 1.0055511 0.4287009 0 P 0
L 1.0055511 0.3912993 1.0744488 0.3912993 0 P 0
L 1.0055511 0.4287009 1.0744488 0.4287009 0 P 0
L 1.0055512 0.1262991 1.0055512 0.1637007 0 P 0
L 1.0055512 0.1262991 1.0744489 0.1262991 0 P 0
L 1.0055512 0.1637007 1.0744489 0.1637007 0 P 0
L 1.0065355 0.3012991 1.0065355 0.3387007 0 P 0
L 1.0065355 0.3012991 1.0734646 0.3012991 0 P 0
L 1.0065355 0.3387007 1.0734646 0.3387007 0 P 0
L 1.0165355 1.1162993 1.0165355 1.1537009 0 P 0
L 1.0165355 1.1162993 1.0834646 1.1162993 0 P 0
L 1.0165355 1.1537009 1.0834646 1.1537009 0 P 0
L 1.0362993 0.6315355 1.0362993 0.6984646 0 P 0
L 1.0362993 0.6315355 1.0737009 0.6315355 0 P 0
L 1.0362993 0.6984646 1.0737009 0.6984646 0 P 0
L 1.0653935 0.4938976 1.0653935 0.5312992 0 P 0
L 1.0653935 0.4938976 1.1342912 0.4938976 0 P 0
L 1.0653935 0.5312992 1.1342912 0.5312992 0 P 0
L 1.0734646 0.3012991 1.0734646 0.3387007 0 P 0
L 1.0737009 0.6315355 1.0737009 0.6984646 0 P 0
L 1.0744488 0.3912993 1.0744488 0.4287009 0 P 0
L 1.0744489 0.1262991 1.0744489 0.1637007 0 P 0
L 1.0834646 1.1162993 1.0834646 1.1537009 0 P 0
L 1.1112991 0.6305511 1.1112991 0.6994488 0 P 0
L 1.1112991 0.6305511 1.1487007 0.6305511 0 P 0
L 1.1112991 0.6994488 1.1487007 0.6994488 0 P 0
L 1.1112991 0.7615354 1.1112991 0.8284645 0 P 0
L 1.1112991 0.7615354 1.1487007 0.7615354 0 P 0
L 1.1112991 0.8284645 1.1487007 0.8284645 0 P 0
L 1.1342912 0.4938976 1.1342912 0.5312992 0 P 0
L 1.1412991 0.1455511 1.1412991 0.2144488 0 P 0
L 1.1412991 0.1455511 1.1787007 0.1455511 0 P 0
L 1.1412991 0.2144488 1.1787007 0.2144488 0 P 0
L 1.1412993 0.2655512 1.1412993 0.3344489 0 P 0
L 1.1412993 0.2655512 1.1787009 0.2655512 0 P 0
L 1.1412993 0.3344489 1.1787009 0.3344489 0 P 0
L 1.1412993 0.3865355 1.1412993 0.4534646 0 P 0
L 1.1412993 0.3865355 1.1787009 0.3865355 0 P 0
L 1.1412993 0.4534646 1.1787009 0.4534646 0 P 0
L 1.1487007 0.6305511 1.1487007 0.6994488 0 P 0
L 1.1487007 0.7615354 1.1487007 0.8284645 0 P 0
L 1.1787007 0.1455511 1.1787007 0.2144488 0 P 0
L 1.1787009 0.2655512 1.1787009 0.3344489 0 P 0
L 1.1787009 0.3865355 1.1787009 0.4534646 0 P 0
L 1.1805511 0.6362993 1.1805511 0.6737009 0 P 0
L 1.1805511 0.6362993 1.2494488 0.6362993 0 P 0
L 1.1805511 0.6737009 1.2494488 0.6737009 0 P 0
L 1.1815354 1.1162991 1.1815354 1.1537007 0 P 0
L 1.1815354 1.1162991 1.2484645 1.1162991 0 P 0
L 1.1815354 1.1537007 1.2484645 1.1537007 0 P 0
L 1.1915354 0.7062993 1.1915354 0.7437009 0 P 0
L 1.1915354 0.7062993 1.2584645 0.7062993 0 P 0
L 1.1915354 0.7437009 1.2584645 0.7437009 0 P 0
L 1.1915354 0.8012993 1.1915354 0.8387009 0 P 0
L 1.1915354 0.8012993 1.2584645 0.8012993 0 P 0
L 1.1915354 0.8387009 1.2584645 0.8387009 0 P 0
L 1.2124409 0.4889764 1.2124409 0.6110236 0 P 0
L 1.2124409 0.4889764 1.2685433 0.4889764 0 P 0
L 1.2124409 0.6110236 1.2685433 0.6110236 0 P 0
L 1.2255512 0.1262991 1.2255512 0.1637007 0 P 0
L 1.2255512 0.1262991 1.2944489 0.1262991 0 P 0
L 1.2255512 0.1637007 1.2944489 0.1637007 0 P 0
L 1.2305511 0.3912993 1.2305511 0.4287009 0 P 0
L 1.2305511 0.3912993 1.2994488 0.3912993 0 P 0
L 1.2305511 0.4287009 1.2994488 0.4287009 0 P 0
L 1.2315355 0.3012991 1.2315355 0.3387007 0 P 0
L 1.2315355 0.3012991 1.2984646 0.3012991 0 P 0
L 1.2315355 0.3387007 1.2984646 0.3387007 0 P 0
L 1.2484645 1.1162991 1.2484645 1.1537007 0 P 0
L 1.2494488 0.6362993 1.2494488 0.6737009 0 P 0
L 1.2584645 0.7062993 1.2584645 0.7437009 0 P 0
L 1.2584645 0.8012993 1.2584645 0.8387009 0 P 0
L 1.2685433 0.4889764 1.2685433 0.6110236 0 P 0
L 1.2944489 0.1262991 1.2944489 0.1637007 0 P 0
L 1.2984646 0.3012991 1.2984646 0.3387007 0 P 0
L 1.2994488 0.3912993 1.2994488 0.4287009 0 P 0
L 1.3512991 0.5265354 1.3512991 0.5934645 0 P 0
L 1.3512991 0.5265354 1.3887007 0.5265354 0 P 0
L 1.3512991 0.5934645 1.3887007 0.5934645 0 P 0
L 1.3512991 0.6515354 1.3512991 0.7184645 0 P 0
L 1.3512991 0.6515354 1.3887007 0.6515354 0 P 0
L 1.3512991 0.7184645 1.3887007 0.7184645 0 P 0
L 1.3512993 0.4115355 1.3512993 0.4784646 0 P 0
L 1.3512993 0.4115355 1.3887009 0.4115355 0 P 0
L 1.3512993 0.4784646 1.3887009 0.4784646 0 P 0
L 1.3887007 0.5265354 1.3887007 0.5934645 0 P 0
L 1.3887007 0.6515354 1.3887007 0.7184645 0 P 0
L 1.3887009 0.4115355 1.3887009 0.4784646 0 P 0
