#Layer_Color=32768
#
#Feature symbol names
#
$0 r3.937

#
#Feature attribute names
#

#
#Layer features
#
L 0.0211024 0.8482283 0.0211024 1.0017717 0 P 0
L 0.0211024 0.8482283 0.1588977 0.8482283 0 P 0
L 0.0211024 1.0017717 0.1588977 1.0017717 0 P 0
L 0.070315 0.925 0.1096851 0.925 0 P 0
L 0.09 0.905315 0.09 0.944685 0 P 0
L 0.1077559 0.7133464 0.1077559 0.7566535 0 P 0
L 0.1077559 0.7133464 0.202244 0.7133464 0 P 0
L 0.1077559 0.7566535 0.202244 0.7566535 0 P 0
L 0.1077559 0.7833464 0.1077559 0.8266535 0 P 0
L 0.1077559 0.7833464 0.202244 0.7833464 0 P 0
L 0.1077559 0.8266535 0.202244 0.8266535 0 P 0
L 0.1362992 0.7349999 0.1737007 0.7349999 0 P 0
L 0.1362992 0.8049999 0.1737007 0.8049999 0 P 0
L 0.1549999 0.7162991 0.1549999 0.7537007 0 P 0
L 0.1549999 0.7862991 0.1549999 0.8237007 0 P 0
L 0.1588977 0.8482283 0.1588977 1.0017717 0 P 0
L 0.1783464 0.897756 0.1783464 0.9922441 0 P 0
L 0.1783464 0.897756 0.2216535 0.897756 0 P 0
L 0.1783464 0.9922441 0.2216535 0.9922441 0 P 0
L 0.1812991 0.9450001 0.2187007 0.9450001 0 P 0
L 0.1999999 0.9262993 0.1999999 0.9637008 0 P 0
L 0.202244 0.7133464 0.202244 0.7566535 0 P 0
L 0.202244 0.7833464 0.202244 0.8266535 0 P 0
L 0.2216535 0.897756 0.2216535 0.9922441 0 P 0
L 0.3591338 0.4819685 0.3591338 0.7280315 0 P 0
L 0.3591338 0.4819685 0.5008661 0.4819685 0 P 0
L 0.3591338 0.7280315 0.5008661 0.7280315 0 P 0
L 0.3833464 0.0877558 0.3833464 0.182244 0 P 0
L 0.3833464 0.0877558 0.4266535 0.0877558 0 P 0
L 0.3833464 0.182244 0.4266535 0.182244 0 P 0
L 0.3862991 0.1349999 0.4237007 0.1349999 0 P 0
L 0.4049999 0.1162992 0.4049999 0.1537007 0 P 0
L 0.4103149 0.605 0.449685 0.605 0 P 0
L 0.4133464 0.102756 0.4133464 0.1972441 0 P 0
L 0.4133464 0.102756 0.4566535 0.102756 0 P 0
L 0.4133464 0.1972441 0.4566535 0.1972441 0 P 0
L 0.4162991 0.1500001 0.4537007 0.1500001 0 P 0
L 0.4266535 0.0877558 0.4266535 0.182244 0 P 0
L 0.43 0.585315 0.43 0.6246851 0 P 0
L 0.4349999 0.1312993 0.4349999 0.1687008 0 P 0
L 0.442756 0.2833464 0.442756 0.3266535 0 P 0
L 0.442756 0.2833464 0.5372441 0.2833464 0 P 0
L 0.442756 0.3266535 0.5372441 0.3266535 0 P 0
L 0.4566535 0.102756 0.4566535 0.1972441 0 P 0
L 0.4712993 0.3049999 0.5087008 0.3049999 0 P 0
L 0.487756 1.1083465 0.487756 1.1516536 0 P 0
L 0.487756 1.1083465 0.5822442 1.1083465 0 P 0
L 0.487756 1.1516536 0.5822442 1.1516536 0 P 0
L 0.4900001 0.2862991 0.4900001 0.3237007 0 P 0
L 0.4927558 0.8533465 0.4927558 0.8966536 0 P 0
L 0.4927558 0.8533465 0.587244 0.8533465 0 P 0
L 0.4927558 0.8966536 0.587244 0.8966536 0 P 0
L 0.5008661 0.4819685 0.5008661 0.7280315 0 P 0
L 0.5032283 0.1811024 0.5032283 0.3188977 0 P 0
L 0.5032283 0.1811024 0.6567716 0.1811024 0 P 0
L 0.5032283 0.3188977 0.6567716 0.3188977 0 P 0
L 0.5162993 1.1300001 0.5537008 1.1300001 0 P 0
L 0.5212992 0.8750001 0.5587007 0.8750001 0 P 0
L 0.5350001 1.1112993 0.5350001 1.1487009 0 P 0
L 0.5372441 0.2833464 0.5372441 0.3266535 0 P 0
L 0.5399999 0.8562993 0.5399999 0.8937009 0 P 0
L 0.552756 0.1183464 0.552756 0.1616535 0 P 0
L 0.552756 0.1183464 0.6472441 0.1183464 0 P 0
L 0.552756 0.1616535 0.6472441 0.1616535 0 P 0
L 0.552756 0.8533464 0.552756 0.8966535 0 P 0
L 0.552756 0.8533464 0.6472442 0.8533464 0 P 0
L 0.552756 0.8966535 0.6472442 0.8966535 0 P 0
L 0.5577559 0.3983465 0.5577559 0.4416536 0 P 0
L 0.5577559 0.3983465 0.652244 0.3983465 0 P 0
L 0.5577559 0.4416536 0.652244 0.4416536 0 P 0
L 0.557756 0.3333464 0.557756 0.3766535 0 P 0
L 0.557756 0.3333464 0.6522441 0.3333464 0 P 0
L 0.557756 0.3766535 0.6522441 0.3766535 0 P 0
L 0.5603149 0.25 0.599685 0.25 0 P 0
L 0.5627558 0.9233465 0.5627558 0.9666536 0 P 0
L 0.5627558 0.9233465 0.657244 0.9233465 0 P 0
L 0.5627558 0.9666536 0.657244 0.9666536 0 P 0
L 0.5799999 0.230315 0.5799999 0.2696851 0 P 0
L 0.5812993 0.1399999 0.6187008 0.1399999 0 P 0
L 0.5812993 0.8749999 0.6187008 0.8749999 0 P 0
L 0.5822442 1.1083465 0.5822442 1.1516536 0 P 0
L 0.5862992 0.4200001 0.6237007 0.4200001 0 P 0
L 0.5862993 0.3549999 0.6237008 0.3549999 0 P 0
L 0.587244 0.8533465 0.587244 0.8966536 0 P 0
L 0.5912992 0.9450001 0.6287007 0.9450001 0 P 0
L 0.6000001 0.1212991 0.6000001 0.1587007 0 P 0
L 0.6000001 0.8562991 0.6000001 0.8937007 0 P 0
L 0.6049999 0.4012993 0.6049999 0.4387009 0 P 0
L 0.6050001 0.3362991 0.6050001 0.3737007 0 P 0
L 0.6099999 0.9262993 0.6099999 0.9637009 0 P 0
L 0.6111023 0.5782283 0.6111023 0.7317716 0 P 0
L 0.6111023 0.5782283 0.7488976 0.5782283 0 P 0
L 0.6111023 0.7317716 0.7488976 0.7317716 0 P 0
L 0.6472441 0.1183464 0.6472441 0.1616535 0 P 0
L 0.6472442 0.8533464 0.6472442 0.8966535 0 P 0
L 0.652244 0.3983465 0.652244 0.4416536 0 P 0
L 0.6522441 0.3333464 0.6522441 0.3766535 0 P 0
L 0.6567716 0.1811024 0.6567716 0.3188977 0 P 0
L 0.657244 0.9233465 0.657244 0.9666536 0 P 0
L 0.6603149 0.6549999 0.699685 0.6549999 0 P 0
L 0.677756 1.1083465 0.677756 1.1516536 0 P 0
L 0.677756 1.1083465 0.7722442 1.1083465 0 P 0
L 0.677756 1.1516536 0.7722442 1.1516536 0 P 0
L 0.68 0.6353149 0.68 0.674685 0 P 0
L 0.6883464 0.1277559 0.6883464 0.222244 0 P 0
L 0.6883464 0.1277559 0.7316535 0.1277559 0 P 0
L 0.6883464 0.222244 0.7316535 0.222244 0 P 0
L 0.6912991 0.1749999 0.7287007 0.1749999 0 P 0
L 0.6933464 0.2427558 0.6933464 0.337244 0 P 0
L 0.6933464 0.2427558 0.7366535 0.2427558 0 P 0
L 0.6933464 0.337244 0.7366535 0.337244 0 P 0
L 0.6933464 0.3527558 0.6933464 0.447244 0 P 0
L 0.6933464 0.3527558 0.7366535 0.3527558 0 P 0
L 0.6933464 0.447244 0.7366535 0.447244 0 P 0
L 0.6962991 0.2899999 0.7337007 0.2899999 0 P 0
L 0.6962991 0.3999999 0.7337007 0.3999999 0 P 0
L 0.7062993 1.1300001 0.7437008 1.1300001 0 P 0
L 0.7099999 0.1562992 0.7099999 0.1937007 0 P 0
L 0.7149999 0.2712992 0.7149999 0.3087007 0 P 0
L 0.7149999 0.3812992 0.7149999 0.4187007 0 P 0
L 0.722756 0.7683464 0.722756 0.8116535 0 P 0
L 0.722756 0.7683464 0.8172441 0.7683464 0 P 0
L 0.722756 0.8116535 0.8172441 0.8116535 0 P 0
L 0.722756 0.9233464 0.722756 0.9666535 0 P 0
L 0.722756 0.9233464 0.8172442 0.9233464 0 P 0
L 0.722756 0.9666535 0.8172442 0.9666535 0 P 0
L 0.7250001 1.1112993 0.7250001 1.1487009 0 P 0
L 0.7316535 0.1277559 0.7316535 0.222244 0 P 0
L 0.7366535 0.2427558 0.7366535 0.337244 0 P 0
L 0.7366535 0.3527558 0.7366535 0.447244 0 P 0
L 0.7488976 0.5782283 0.7488976 0.7317716 0 P 0
L 0.7512993 0.7899999 0.7887008 0.7899999 0 P 0
L 0.7512993 0.9449999 0.7887008 0.9449999 0 P 0
L 0.7677559 0.3883465 0.7677559 0.4316536 0 P 0
L 0.7677559 0.3883465 0.862244 0.3883465 0 P 0
L 0.7677559 0.4316536 0.862244 0.4316536 0 P 0
L 0.767756 0.1233464 0.767756 0.1666535 0 P 0
L 0.767756 0.1233464 0.8622441 0.1233464 0 P 0
L 0.767756 0.1666535 0.8622441 0.1666535 0 P 0
L 0.767756 0.2983464 0.767756 0.3416535 0 P 0
L 0.767756 0.2983464 0.8622442 0.2983464 0 P 0
L 0.767756 0.3416535 0.8622442 0.3416535 0 P 0
L 0.7700001 0.7712991 0.7700001 0.8087007 0 P 0
L 0.7700001 0.9262991 0.7700001 0.9637007 0 P 0
L 0.7722442 1.1083465 0.7722442 1.1516536 0 P 0
L 0.7962992 0.4100001 0.8337007 0.4100001 0 P 0
L 0.7962993 0.1449999 0.8337008 0.1449999 0 P 0
L 0.7962993 0.3199999 0.8337008 0.3199999 0 P 0
L 0.8149999 0.3912993 0.8149999 0.4287009 0 P 0
L 0.8150001 0.1262991 0.8150001 0.1637007 0 P 0
L 0.8150001 0.3012991 0.8150001 0.3387007 0 P 0
L 0.8172441 0.7683464 0.8172441 0.8116535 0 P 0
L 0.8172442 0.9233464 0.8172442 0.9666535 0 P 0
L 0.8333464 0.9227559 0.8333464 1.017244 0 P 0
L 0.8333464 0.9227559 0.8766535 0.9227559 0 P 0
L 0.8333464 1.017244 0.8766535 1.017244 0 P 0
L 0.8362991 0.9699999 0.8737007 0.9699999 0 P 0
L 0.8549999 0.9512992 0.8549999 0.9887007 0 P 0
L 0.862244 0.3883465 0.862244 0.4316536 0 P 0
L 0.8622441 0.1233464 0.8622441 0.1666535 0 P 0
L 0.8622442 0.2983464 0.8622442 0.3416535 0 P 0
L 0.8766535 0.9227559 0.8766535 1.017244 0 P 0
L 0.9133464 0.1277559 0.9133464 0.222244 0 P 0
L 0.9133464 0.1277559 0.9566535 0.1277559 0 P 0
L 0.9133464 0.222244 0.9566535 0.222244 0 P 0
L 0.9133465 0.252756 0.9133465 0.3472441 0 P 0
L 0.9133465 0.252756 0.9566536 0.252756 0 P 0
L 0.9133465 0.3472441 0.9566536 0.3472441 0 P 0
L 0.9133465 0.372756 0.9133465 0.4672442 0 P 0
L 0.9133465 0.372756 0.9566536 0.372756 0 P 0
L 0.9133465 0.4672442 0.9566536 0.4672442 0 P 0
L 0.9162991 0.1749999 0.9537007 0.1749999 0 P 0
L 0.9162993 0.3000001 0.9537009 0.3000001 0 P 0
L 0.9162993 0.4200001 0.9537009 0.4200001 0 P 0
L 0.9349999 0.1562992 0.9349999 0.1937007 0 P 0
L 0.9350001 0.2812993 0.9350001 0.3187008 0 P 0
L 0.9350001 0.4012993 0.9350001 0.4387008 0 P 0
L 0.9566535 0.1277559 0.9566535 0.222244 0 P 0
L 0.9566536 0.252756 0.9566536 0.3472441 0 P 0
L 0.9566536 0.372756 0.9566536 0.4672442 0 P 0
L 0.9927559 0.3883465 0.9927559 0.4316536 0 P 0
L 0.9927559 0.3883465 1.087244 0.3883465 0 P 0
L 0.9927559 0.4316536 1.087244 0.4316536 0 P 0
L 0.992756 0.1233464 0.992756 0.1666535 0 P 0
L 0.992756 0.1233464 1.0872441 0.1233464 0 P 0
L 0.992756 0.1666535 1.0872441 0.1666535 0 P 0
L 0.992756 0.2983464 0.992756 0.3416535 0 P 0
L 0.992756 0.2983464 1.0872442 0.2983464 0 P 0
L 0.992756 0.3416535 1.0872442 0.3416535 0 P 0
L 1.002756 1.1133465 1.002756 1.1566536 0 P 0
L 1.002756 1.1133465 1.0972442 1.1133465 0 P 0
L 1.002756 1.1566536 1.0972442 1.1566536 0 P 0
L 1.0212992 0.4100001 1.0587007 0.4100001 0 P 0
L 1.0212993 0.1449999 1.0587008 0.1449999 0 P 0
L 1.0212993 0.3199999 1.0587008 0.3199999 0 P 0
L 1.0312993 1.1350001 1.0687008 1.1350001 0 P 0
L 1.0333465 0.617756 1.0333465 0.7122442 0 P 0
L 1.0333465 0.617756 1.0766536 0.617756 0 P 0
L 1.0333465 0.7122442 1.0766536 0.7122442 0 P 0
L 1.0362993 0.6650001 1.0737009 0.6650001 0 P 0
L 1.0399999 0.3912993 1.0399999 0.4287009 0 P 0
L 1.0400001 0.1262991 1.0400001 0.1637007 0 P 0
L 1.0400001 0.3012991 1.0400001 0.3387007 0 P 0
L 1.0500001 1.1162993 1.0500001 1.1537009 0 P 0
L 1.0525983 0.4909449 1.0525983 0.534252 0 P 0
L 1.0525983 0.4909449 1.1470864 0.4909449 0 P 0
L 1.0525983 0.534252 1.1470864 0.534252 0 P 0
L 1.0550001 0.6462993 1.0550001 0.6837008 0 P 0
L 1.0766536 0.617756 1.0766536 0.7122442 0 P 0
L 1.0811416 0.5125984 1.1185431 0.5125984 0 P 0
L 1.087244 0.3883465 1.087244 0.4316536 0 P 0
L 1.0872441 0.1233464 1.0872441 0.1666535 0 P 0
L 1.0872442 0.2983464 1.0872442 0.3416535 0 P 0
L 1.0972442 1.1133465 1.0972442 1.1566536 0 P 0
L 1.0998424 0.4938976 1.0998424 0.5312992 0 P 0
L 1.1083464 0.6177559 1.1083464 0.712244 0 P 0
L 1.1083464 0.6177559 1.1516535 0.6177559 0 P 0
L 1.1083464 0.712244 1.1516535 0.712244 0 P 0
L 1.1083464 0.7477558 1.1083464 0.842244 0 P 0
L 1.1083464 0.7477558 1.1516535 0.7477558 0 P 0
L 1.1083464 0.842244 1.1516535 0.842244 0 P 0
L 1.1112991 0.6649999 1.1487007 0.6649999 0 P 0
L 1.1112991 0.7949999 1.1487007 0.7949999 0 P 0
L 1.1299999 0.6462992 1.1299999 0.6837007 0 P 0
L 1.1299999 0.7762992 1.1299999 0.8137007 0 P 0
L 1.1383464 0.1327559 1.1383464 0.227244 0 P 0
L 1.1383464 0.1327559 1.1816535 0.1327559 0 P 0
L 1.1383464 0.227244 1.1816535 0.227244 0 P 0
L 1.1383465 0.252756 1.1383465 0.3472441 0 P 0
L 1.1383465 0.252756 1.1816536 0.252756 0 P 0
L 1.1383465 0.3472441 1.1816536 0.3472441 0 P 0
L 1.1383465 0.372756 1.1383465 0.4672442 0 P 0
L 1.1383465 0.372756 1.1816536 0.372756 0 P 0
L 1.1383465 0.4672442 1.1816536 0.4672442 0 P 0
L 1.1412991 0.1799999 1.1787007 0.1799999 0 P 0
L 1.1412993 0.3000001 1.1787009 0.3000001 0 P 0
L 1.1412993 0.4200001 1.1787009 0.4200001 0 P 0
L 1.1470864 0.4909449 1.1470864 0.534252 0 P 0
L 1.1516535 0.6177559 1.1516535 0.712244 0 P 0
L 1.1516535 0.7477558 1.1516535 0.842244 0 P 0
L 1.1599999 0.1612992 1.1599999 0.1987007 0 P 0
L 1.1600001 0.2812993 1.1600001 0.3187008 0 P 0
L 1.1600001 0.4012993 1.1600001 0.4387008 0 P 0
L 1.1612598 0.4850394 1.1612598 0.6149607 0 P 0
L 1.1612598 0.4850394 1.3187402 0.4850394 0 P 0
L 1.1612598 0.6149607 1.3187402 0.6149607 0 P 0
L 1.1677558 1.1133464 1.1677558 1.1566535 0 P 0
L 1.1677558 1.1133464 1.262244 1.1133464 0 P 0
L 1.1677558 1.1566535 1.262244 1.1566535 0 P 0
L 1.1677559 0.6333465 1.1677559 0.6766536 0 P 0
L 1.1677559 0.6333465 1.262244 0.6333465 0 P 0
L 1.1677559 0.6766536 1.262244 0.6766536 0 P 0
L 1.1777558 0.7033465 1.1777558 0.7466536 0 P 0
L 1.1777558 0.7033465 1.272244 0.7033465 0 P 0
L 1.1777558 0.7466536 1.272244 0.7466536 0 P 0
L 1.1777558 0.7983465 1.1777558 0.8416536 0 P 0
L 1.1777558 0.7983465 1.272244 0.7983465 0 P 0
L 1.1777558 0.8416536 1.272244 0.8416536 0 P 0
L 1.1816535 0.1327559 1.1816535 0.227244 0 P 0
L 1.1816536 0.252756 1.1816536 0.3472441 0 P 0
L 1.1816536 0.372756 1.1816536 0.4672442 0 P 0
L 1.1962992 0.6550001 1.2337007 0.6550001 0 P 0
L 1.1962992 1.1349999 1.2337007 1.1349999 0 P 0
L 1.2062992 0.7250001 1.2437007 0.7250001 0 P 0
L 1.2062992 0.8200001 1.2437007 0.8200001 0 P 0
L 1.212756 0.1233464 1.212756 0.1666535 0 P 0
L 1.212756 0.1233464 1.3072441 0.1233464 0 P 0
L 1.212756 0.1666535 1.3072441 0.1666535 0 P 0
L 1.2149999 0.6362993 1.2149999 0.6737009 0 P 0
L 1.2149999 1.1162991 1.2149999 1.1537007 0 P 0
L 1.2177559 0.3883465 1.2177559 0.4316536 0 P 0
L 1.2177559 0.3883465 1.312244 0.3883465 0 P 0
L 1.2177559 0.4316536 1.312244 0.4316536 0 P 0
L 1.217756 0.2983464 1.217756 0.3416535 0 P 0
L 1.217756 0.2983464 1.3122442 0.2983464 0 P 0
L 1.217756 0.3416535 1.3122442 0.3416535 0 P 0
L 1.2249999 0.7062993 1.2249999 0.7437009 0 P 0
L 1.2249999 0.8012993 1.2249999 0.8387009 0 P 0
L 1.2262205 0.55 1.2547638 0.55 0 P 0
L 1.24 0.530315 1.24 0.5696851 0 P 0
L 1.2412993 0.1449999 1.2787008 0.1449999 0 P 0
L 1.2462992 0.4100001 1.2837007 0.4100001 0 P 0
L 1.2462993 0.3199999 1.2837008 0.3199999 0 P 0
L 1.2600001 0.1262991 1.2600001 0.1637007 0 P 0
L 1.262244 0.6333465 1.262244 0.6766536 0 P 0
L 1.262244 1.1133464 1.262244 1.1566535 0 P 0
L 1.2649999 0.3912993 1.2649999 0.4287009 0 P 0
L 1.2650001 0.3012991 1.2650001 0.3387007 0 P 0
L 1.272244 0.7033465 1.272244 0.7466536 0 P 0
L 1.272244 0.7983465 1.272244 0.8416536 0 P 0
L 1.3072441 0.1233464 1.3072441 0.1666535 0 P 0
L 1.312244 0.3883465 1.312244 0.4316536 0 P 0
L 1.3122442 0.2983464 1.3122442 0.3416535 0 P 0
L 1.3187402 0.4850394 1.3187402 0.6149607 0 P 0
L 1.3483464 0.5127558 1.3483464 0.607244 0 P 0
L 1.3483464 0.5127558 1.3916535 0.5127558 0 P 0
L 1.3483464 0.607244 1.3916535 0.607244 0 P 0
L 1.3483464 0.6377558 1.3483464 0.732244 0 P 0
L 1.3483464 0.6377558 1.3916535 0.6377558 0 P 0
L 1.3483464 0.732244 1.3916535 0.732244 0 P 0
L 1.3483465 0.397756 1.3483465 0.4922442 0 P 0
L 1.3483465 0.397756 1.3916536 0.397756 0 P 0
L 1.3483465 0.4922442 1.3916536 0.4922442 0 P 0
L 1.3512991 0.5599999 1.3887007 0.5599999 0 P 0
L 1.3512991 0.6849999 1.3887007 0.6849999 0 P 0
L 1.3512993 0.4450001 1.3887009 0.4450001 0 P 0
L 1.3699999 0.5412992 1.3699999 0.5787007 0 P 0
L 1.3699999 0.6662992 1.3699999 0.7037007 0 P 0
L 1.3700001 0.4262993 1.3700001 0.4637008 0 P 0
L 1.3916535 0.5127558 1.3916535 0.607244 0 P 0
L 1.3916535 0.6377558 1.3916535 0.732244 0 P 0
L 1.3916536 0.397756 1.3916536 0.4922442 0 P 0
